0
0
0
0
0
0
0
0
0
0
0
0
0
0
0
0
0
0
0
0
0
0
0
0
0
0
0
0
0
0
0
0
0
0
0
0
0
0
0
0
0
0
0
0
0
0
0
0
0
0
0
0
0
0
0
0
0
0
0
0
0
0
0
0
0
0
0
0
0
0
0
0
0
0
0
0
0
0
0
0
0
0
0
0
0
0
0
0
0
0
0
0
0
0
0
0
0
0
0
0
0
0
0
0
0
0
0
0
0
0
0
0
0
0
0
0
0
0
0
0
0
0
0
0
0
0
0
0
0
0
0
0
0
0
0
0
0
0
0
0
0
0
0
0
0
0
0
0
0
0
0
0
0
0
0
0
0
0
0
0
0
27e
0
0
0
0
0
0
0
0
0
0
0
0
0
0
0
0
0
0
0
0
0
0
0
20
0
0
1c
1c
0
0
0
0
0
1e
0
0
0
0
24
0
0
0
18
0
0
0
1a
0
0
0
0
0
c
0
0
12
0
0
0
0
0
0
0
0
0
0
0
0
0
0
0
2ec
1c2
0
0
0
0
0
0
0
0
0
0
0
0
0
0
0
0
0
0
0
0
0
0
0
0
0
0
0
0
0
0
0
0
0
0
0
0
0
4
0
0
0
4
0
0
0
0
0
0
0
0
0
0
0
0
0
0
0
0
0
0
0
0
10
16
10
0
0
0
0
0
0
0
0
0
0
22
2a
0
0
22
0
0
0
0
0
18
18
0
0
0
1a
1a
0
0
0
0
1e
0
0
2a
1a
0
e
0
0
14
0
0
e
e
0
0
e
0
0
8
0
0
0
0
0
0
0
0
0
0
0
0
0
0
0
0
0
0
0
0
0
0
0
0
0
0
0
0
0
0
0
0
0
0
0
0
0
0
0
0
0
0
0
0
0
0
0
6
0
0
2
6
6
6
0
0
0
0
0
0
0
0
0
0
0
0
0
1e
0
14
1a
0
0
e
e
0
0
0
0
0
2
4
0
0
0
2a
0
0
0
28
0
0
0
0
0
18
0
0
0
0
18
18
0
0
0
0
24
0
0
30
0
0
0
10
0
e
e
0
0
14
0
0
10
0
0
c
c
e
12
8
0
0
0
0
0
0
0
0
0
0
0
0
0
0
0
0
4
4
4
0
0
0
0
0
0
0
0
0
0
0
0
0
0
0
0
0
0
2
0
0
0
0
6
0
0
0
0
2
0
0
0
0
0
0
0
0
0
0
252
0
0
0
1e
0
0
1a
0
8
0
16
10
0
0
0
0
0
2
0
a
1a
0
30
2c
0
0
28
0
0
0
0
0
0
18
0
0
0
16
0
0
16
0
0
24
0
0
0
30
0
0
10
0
0
0
0
0
12
0
0
14
0
0
0
e
0
16
12
0
0
0
0
0
0
0
0
0
0
0
0
0
0
0
2
6
4
4
0
0
0
0
0
0
0
0
0
0
0
0
0
0
0
0
0
0
0
0
0
6
0
6
4
0
0
0
0
0
0
0
0
0
0
0
352
34e
252
122
66
0
24
24
0
14
c
0
14
0
10
a
0
0
0
0
0
0
0
0
28
0
2c
20
0
0
2e
0
0
0
0
0
0
1a
0
0
0
12
0
16
0
0
0
1e
0
0
0
30
0
0
0
0
0
e
12
0
0
12
0
18
0
0
e
e
0
10
0
0
0
0
0
0
0
0
35a
0
0
0
0
0
0
0
0
2
0
2
0
0
0
0
0
0
0
0
0
0
0
0
0
0
0
0
0
0
8
0
0
0
0
0
8
a
0
0
0
0
0
0
0
0
0
352
0
0
0
0
18
0
0
0
0
0
0
0
0
0
0
0
0
0
0
2
0
0
0
0
0
2c
0
0
0
0
3a
0
0
0
0
0
1a
0
0
0
10
0
0
12
0
0
0
18
0
0
0
0
0
0
0
0
10
0
1a
12
0
16
0
18
0
0
0
12
0
0
0
14
0
0
0
0
0
0
352
0
0
0
0
20
0
0
0
8
0
0
0
0
0
0
0
0
0
0
0
0
0
0
0
0
0
0
0
0
a
a
8
0
0
0
0
0
0
0
0
0
0
0
0
0
0
0
0
0
0
0
c
0
0
16
0
0
0
0
0
0
0
0
8
0
a
6
0
0
0
0
0
24
0
0
0
0
32
0
0
0
0
0
18
0
0
10
0
0
0
0
0
0
0
12
0
0
0
0
0
0
0
0
14
0
18
0
0
10
0
0
1a
0
0
10
0
0
0
0
0
0
0
0
0
0
248
352
0
258
132
0
0
0
0
0
0
0
0
0
0
0
0
0
0
0
0
0
0
0
0
0
0
0
0
0
8
8
0
a
e
0
0
0
0
0
0
0
0
0
34c
0
0
0
0
0
0
0
a
0
1a
1e
1e
1e
1a
12
0
0
0
0
e
a
0
0
0
0
0
0
0
0
0
0
0
30
0
0
c
a
0
0
18
0
0
0
c
16
0
0
0
0
0
10
0
0
0
0
0
2a
0
0
12
0
0
0
0
0
0
0
16
0
0
8
10
0
16
6
c
12
0
0
12
0
0
0
0
0
0
0
0
0
0
0
0
0
0
0
0
0
0
0
0
0
0
0
0
0
0
0
0
0
0
0
8
0
a
0
0
2c
0
0
0
0
0
0
34a
0
0
0
0
0
0
0
0
0
0
0
0
0
0
0
0
0
0
0
8
e
0
a
10
0
0
0
28
0
0
0
0
0
0
0
0
0
0
a
0
0
1c
0
0
0
0
e
0
0
0
18
0
1c
0
0
0
0
0
20
0
0
0
12
0
e
0
0
e
0
0
14
0
0
0
10
1a
16
6
c
0
0
12
0
0
0
0
0
0
0
0
0
0
0
0
0
0
0
0
0
0
0
0
0
0
0
0
0
0
0
0
0
0
0
8
0
a
0
0
7a
120
0
0
23c
31e
0
0
0
0
0
0
0
0
0
0
0
16
1c
0
0
0
0
1a
16
0
8
e
14
0
0
10
0
0
0
28
0
0
0
0
0
2e
0
0
0
0
0
0
0
22
0
0
0
a
0
24
2c
0
0
22
26
1c
0
0
0
0
0
16
0
0
10
0
a
0
0
e
0
0
16
0
0
0
0
0
0
0
0
0
0
14
18
0
0
10c
23c
0
0
0
0
0
0
0
0
0
1b8
170
0
0
0
0
0
0
0
0
0
0
0
0
0
0
0
8
0
a
0
0
0
192
1fe
23a
0
0
0
0
0
0
0
0
0
0
1c
1c
16
0
0
0
0
14
16
18
0
0
0
0
0
0
0
a
0
0
0
24
0
0
0
0
0
26
0
0
0
16
0
0
0
22
0
0
0
0
24
2c
24
0
0
12
0
0
1c
0
0
1a
0
18
0
0
c
0
0
c
0
0
e
0
16
0
0
0
0
0
0
c
0
0
12
16
14
0
0
4e
0
0
0
0
2f8
24c
2ea
2c6
256
21a
0
0
0
0
0
0
0
0
0
0
0
0
0
0
0
0
0
0
a
a
0
0
0
0
0
0
0
0
0
0
0
0
0
0
0
0
0
0
0
0
0
c
c
0
0
c
0
0
0
16
0
0
c
0
0
0
0
0
0
0
0
0
0
0
0
0
16
18
0
0
1c
0
0
18
0
26
24
0
10
0
0
0
0
0
0
1a
1e
1a
18
1a
0
0
10
0
0
e
0
0
e
0
12
0
0
e
16
14
10
e
0
0
c
0
0
0
0
0
0
0
0
0
0
0
0
0
0
0
0
1fc
0
0
0
0
0
0
0
0
0
0
0
0
0
0
0
0
0
e
0
0
0
0
0
0
0
0
0
0
0
8
0
c
c
0
16
0
0
0
0
12
0
12
1c
0
10
0
0
0
0
0
c
0
0
0
0
0
0
0
2a
2c
1c
0
0
0
0
0
0
0
1a
0
0
24
0
0
0
0
0
0
0
0
0
0
0
0
0
0
0
0
0
14
14
0
c
e
0
0
c
0
0
12
0
0
10
0
0
e
a
0
c
c
0
0
0
0
0
0
0
0
0
0
0
0
0
0
2ba
0
0
0
0
0
0
0
0
0
0
0
0
0
0
0
0
6
0
10
10
0
0
0
0
0
326
1fe
0
0
0
0
e
c
c
0
16
12
0
0
0
16
12
1c
22
1a
0
0
1a
0
0
a
0
0
0
22
0
0
22
0
0
0
0
0
0
14
0
0
0
0
18
0
0
0
0
0
0
2
2
0
0
c
0
0
0
0
0
0
0
0
0
18
0
0
a
a
0
0
0
a
0
12
0
0
0
0
0
0
0
8
0
0
a
e
a
c
c
0
0
0
0
0
0
0
0
2ba
0
0
0
0
0
0
0
0
0
0
0
0
0
0
0
0
0
6
6
a
0
0
1e
0
0
0
35a
0
0
0
0
0
0
0
0
0
0
0
12
12
0
0
0
0
18
0
0
18
0
0
0
e
0
0
0
0
0
0
0
0
0
0
0
0
0
18
0
0
0
0
18
0
0
18
0
0
0
8
0
0
0
e
0
0
0
c
0
6
0
0
0
1a
0
0
e
0
0
8
0
8
0
14
0
0
18
1e
20
0
0
0
8
0
0
0
0
0
c
0
0
16
0
0
0
0
0
0
0
0
0
0
0
0
0
0
0
0
0
0
0
0
0
0
0
0
6
6
0
0
0
0
0
0
0
0
0
0
0
0
18
14
c
0
0
0
0
0
0
0
0
0
12
0
0
1a
0
0
0
0
0
0
0
0
0
0
16
0
0
16
0
0
0
1a
0
0
0
0
12
0
0
12
0
6
0
6
0
0
0
0
12
0
0
12
c
0
0
0
0
18
18
0
0
0
0
6
8
0
0
0
16
0
c
0
0
0
0
0
0
a
12
12
0
0
0
0
0
0
0
4e
0
0
360
0
0
0
0
0
0
0
0
0
0
0
0
0
0
0
0
0
0
0
0
6
0
0
0
0
0
0
0
0
0
0
0
0
10
0
0
0
0
0
0
16
0
1a
0
1a
12
0
0
1e
0
0
12
0
26
2c
20
0
14
14
14
16
14
1a
0
0
20
0
0
0
0
0
0
0
12
c
0
4
0
0
0
0
0
0
1a
0
0
0
0
0
0
0
0
0
1a
0
0
14
0
0
0
0
0
0
1a
0
0
0
0
0
0
0
1c
0
0
0
14
18
1a
24
22
0
0
0
258
0
358
0
0
0
0
0
0
0
0
0
0
0
0
0
0
0
0
0
0
0
0
6
0
0
0
0
0
0
0
0
350
0
0
0
0
0
14
20
24
20
1a
16
1a
1e
1a
12
0
0
0
1c
0
0
12
1c
0
0
0
0
12
0
0
0
0
0
0
0
26
2a
20
0
0
0
0
0
c
0
0
0
0
0
8
0
0
0
1a
0
0
18
16
0
0
0
0
0
1c
0
0
18
0
0
0
0
0
a
18
1a
0
10
0
0
0
0
24
0
0
0
0
0
0
0
0
0
0
0
0
0
252
11c
5c
0
0
0
0
0
0
0
0
0
0
0
0
0
0
0
0
0
6
0
2
0
0
0
0
0
0
0
0
0
0
0
0
0
0
1c
0
0
0
0
c
c
0
0
0
0
16
16
0
0
0
0
0
0
0
0
0
c
0
0
0
0
0
0
16
0
0
0
0
0
0
0
6
0
0
c
10
0
12
0
0
16
16
0
0
16
18
14
12
14
0
0
1e
0
0
18
0
0
c
10
c
0
a
0
0
10
12
10
0
0
18
18
0
10
0
0
0
0
0
0
0
0
0
0
11c
0
0
0
0
0
0
0
0
0
0
0
0
0
0
0
0
0
0
4
4
0
0
0
0
0
0
0
0
0
0
308
0
0
0
0
0
20
0
0
a
e
16
12
8
10
0
0
0
0
0
0
0
e
0
0
0
e
0
0
0
0
c
0
0
0
0
0
0
12
12
0
0
0
0
0
0
0
0
0
0
0
0
0
18
0
0
0
0
0
12
14
16
0
1c
0
0
0
1a
0
0
12
0
4
0
0
0
0
10
0
18
0
1c
1c
0
0
0
0
0
0
0
0
0
0
0
0
0
0
0
0
0
0
0
0
0
0
0
0
0
0
0
0
0
0
0
0
0
0
0
0
0
0
0
0
0
0
0
254
0
0
0
0
10
20
20
0
0
0
0
10
0
8
0
0
0
0
0
0
0
14
0
14
14
0
0
0
0
0
1e
26
1a
20
1a
14
12
0
0
0
0
0
10
c
e
0
0
0
0
16
0
0
0
1c
0
0
8
0
0
0
16
0
0
1c
0
0
1c
0
0
e
e
4
a
0
0
0
0
0
0
16
0
0
0
0
0
0
0
0
320
2cc
0
0
0
62
0
0
0
0
0
0
0
0
0
0
0
0
0
0
0
8
8
0
0
0
0
8
8
8
0
0
0
0
0
0
0
2f2
0
0
0
0
0
0
0
0
0
0
0
10
0
c
e
c
c
14
0
2a
28
20
0
0
0
0
0
a
0
0
1e
0
0
a
a
0
0
0
24
2a
22
10
0
0
0
0
0
0
0
0
18
0
0
1c
0
0
0
0
c
0
0
0
0
14
0
0
1c
1c
0
0
e
0
a
0
e
0
0
0
0
0
0
82
132
0
0
336
33a
0
0
0
0
0
0
22
0
12
10
0
0
0
0
0
0
0
2
0
0
8
8
8
0
c
c
e
0
a
8
c
0
0
10
0
0
0
0
0
0
0
0
0
0
0
0
0
0
0
0
0
0
0
0
0
0
0
0
24
2a
0
0
0
0
0
0
8
0
0
26
28
0
0
26
24
22
1a
0
0
0
0
0
0
0
0
0
0
14
0
14
0
0
0
1c
0
0
a
8
0
a
14
0
12
14
0
0
20
0
0
10
0
12
0
0
e
0
0
12
0
0
0
230
2fc
0
0
0
0
0
0
0
0
0
0
0
0
0
0
0
0
0
0
0
0
0
8
8
8
8
8
0
e
0
c
a
c
8
c
a
10
1e
0
0
0
34e
0
0
0
0
16
1e
1e
0
0
0
0
0
0
0
0
0
10
0
0
0
0
0
0
0
0
0
0
0
0
0
12
20
0
24
28
0
0
0
0
0
18
18
0
0
0
e
0
c
0
1a
0
0
1a
0
0
0
1a
0
0
8
0
0
a
e
0
0
0
0
20
0
0
10
0
0
12
0
e
0
0
16
0
0
0
0
0
0
0
0
0
0
0
0
0
0
0
0
0
0
0
0
0
0
0
0
0
0
6
0
0
0
0
0
e
0
0
0
c
8
0
0
0
0
0
0
34e
0
0
0
0
18
0
0
0
1a
20
26
24
1a
c
4
0
0
18
0
10
0
0
18
0
0
18
0
0
0
0
0
0
0
0
0
0
0
0
0
0
0
1c
1a
0
0
0
16
0
c
0
0
16
0
1a
1c
0
0
0
22
0
0
0
0
0
0
0
0
0
0
0
0
0
e
e
0
18
0
0
e
0
16
0
0
0
0
2ac
0
0
0
0
0
8
0
0
0
0
0
0
0
0
0
0
0
0
0
0
0
8
8
0
0
0
0
0
0
0
0
0
0
0
0
0
0
0
0
346
0
0
0
0
14
0
0
0
0
0
0
0
0
0
0
0
0
0
0
12
0
0
0
0
0
0
1a
22
0
0
0
0
0
0
0
0
0
0
0
0
18
18
0
0
0
0
16
0
0
0
0
1a
0
8
0
0
0
0
28
22
0
12
0
0
0
0
a
0
0
0
1e
0
0
18
0
e
0
0
0
0
16
0
0
0
0
0
2c4
0
0
0
0
6
0
6
0
0
6
6
0
0
0
0
0
0
0
0
0
0
6
0
0
0
0
0
0
0
0
0
0
0
0
0
0
0
346
0
0
0
0
10
0
0
0
0
0
0
0
0
a
e
c
0
1e
0
0
0
14
0
0
0
0
0
0
1c
22
28
2c
0
22
0
0
0
0
0
0
0
0
1c
1a
0
e
0
0
0
0
8
0
0
0
0
0
0
0
0
0
24
0
0
0
1a
0
0
c
0
0
0
1e
0
0
18
18
0
0
0
0
0
16
0
0
0
0
0
340
0
0
0
0
0
8
8
6
6
6
2
0
0
0
0
0
0
0
0
0
6
0
4
0
0
54
0
0
0
0
0
0
0
0
0
342
0
24c
11a
0
0
0
0
0
0
0
0
0
0
0
0
0
0
0
0
1a
0
c
0
0
0
a
0
0
0
0
0
0
0
0
2c
2a
0
0
0
0
0
24
0
1c
1a
16
0
0
0
c
14
0
0
8
0
12
0
0
0
18
1c
12
0
0
0
0
1a
0
0
0
0
c
0
0
0
0
0
0
0
0
0
0
16
0
0
0
0
0
0
0
0
0
0
0
0
8
0
6
6
0
0
0
0
0
0
0
0
0
0
6
0
0
0
0
0
f2
1c2
0
0
0
0
0
2b2
314
0
0
0
11a
58
0
0
0
0
0
1e
0
0
0
0
10
0
0
0
0
16
0
0
0
0
0
0
0
a
c
0
0
0
0
0
0
0
0
26
22
1e
22
26
24
0
0
0
0
0
e
0
0
0
e
6
8
0
0
10
0
0
0
0
0
0
0
26
0
0
0
0
0
0
12
0
0
20
22
0
0
0
0
0
0
14
0
0
0
0
0
0
0
340
0
0
0
0
8
0
6
6
0
0
0
0
0
0
0
0
0
6
8
a
a
0
0
0
0
298
2b6
246
266
2b8
2a4
0
0
0
0
0
0
0
1c
0
0
0
1c
0
0
0
0
0
14
c
0
0
0
12
0
14
0
8
0
8
0
0
c
0
a
0
0
0
0
0
0
0
0
0
0
0
0
0
0
0
1a
0
1c
e
0
c
0
0
0
0
0
16
12
0
0
0
0
0
0
24
26
0
0
0
16
0
a
a
0
0
0
0
0
0
0
0
0
14
0
0
0
0
0
0
0
346
0
0
0
0
8
8
6
0
6
6
0
0
0
0
0
0
6
0
0
a
8
0
0
0
0
254
0
0
0
0
0
0
0
0
0
0
0
0
0
16
0
0
0
22
0
0
0
10
0
0
0
0
10
0
0
10
10
10
0
0
0
c
0
e
e
0
0
0
0
0
0
0
0
0
0
0
0
0
18
0
0
0
28
0
0
0
0
0
8
0
0
c
0
e
0
12
16
14
0
0
0
26
0
0
0
14
12
10
0
0
0
24
24
0
c
0
0
18
0
0
0
0
0
0
0
0
0
0
0
0
0
8
0
0
0
0
0
0
0
0
0
0
4
0
0
8
0
0
0
0
0
2ae
0
0
0
0
0
0
0
0
0
0
12
18
0
0
0
1a
22
24
22
22
1c
0
0
e
0
0
10
0
0
0
0
0
0
18
0
0
0
0
e
0
0
e
c
0
0
e
0
0
10
0
0
1a
1a
0
0
0
2c
0
0
0
8
10
0
0
c
0
0
0
10
12
0
0
0
0
1a
26
0
0
0
0
0
12
10
0
0
1e
24
0
1e
0
0
1a
0
0
0
12
12
0
0
0
328
0
0
0
0
a
8
0
0
0
0
0
0
0
0
0
6
0
0
8
0
0
0
0
0
0
0
0
0
0
0
0
0
e
0
0
0
14
0
0
0
0
0
0
0
0
1c
0
0
e
0
10
10
0
16
0
0
0
0
0
1a
0
8
0
0
10
12
0
0
0
e
16
10
0
1c
12
0
0
0
1e
0
0
28
2c
26
0
0
0
e
0
0
0
0
0
4
4
0
0
0
c
12
1a
0
0
0
0
0
0
0
0
0
10
0
0
26
0
0
12
1a
1e
1e
1a
18
0
0
0
0
2d8
0
0
0
a
a
0
0
0
0
0
0
0
0
0
4
6
6
8
8
6
0
0
0
0
0
0
0
114
0
0
0
0
0
0
0
e
0
a
0
0
0
0
0
0
0
0
0
0
0
10
10
0
5a
b2
0
0
6a
0
1c
0
0
0
0
12
0
c
c
0
0
14
0
0
1e
0
0
0
0
24
0
0
0
28
0
0
0
12
0
0
0
0
10
0
0
e
0
0
0
0
c
0
0
0
2c
0
0
0
0
0
0
0
10
1a
22
26
1c
0
0
0
0
0
0
0
0
0
0
338
0
0
0
0
0
0
0
0
0
0
0
0
0
0
4
0
6
0
6
0
0
0
0
0
0
0
358
0
0
0
0
0
8
0
10
16
0
0
e
10
0
0
20
28
22
0
0
0
0
12
0
0
0
122
0
0
e0
0
0
0
0
c
0
0
0
18
0
0
0
14
0
0
0
0
0
0
0
0
2a
0
0
1e
0
0
0
24
0
0
0
0
0
10
0
e
0
e
e
6
0
0
0
0
0
0
36
32
0
0
0
0
0
c
0
0
0
0
e
0
0
0
1c
0
0
0
0
0
0
0
0
0
0
0
0
0
0
0
0
0
0
0
6
4
4
0
8
0
0
0
0
0
0
0
0
0
0
0
0
0
0
4
0
0
0
0
10
0
e
0
0
0
0
0
0
a
0
14
0
0
0
18e
0
0
174
0
0
1e
0
1a
0
0
0
0
1c
0
0
1c
0
0
0
20
0
0
0
0
30
0
0
0
0
0
26
2c
0
0
0
0
0
0
0
0
0
0
e
0
0
8
e
c
0
0
0
0
30
2e
2a
0
0
0
0
0
0
0
0
0
0
0
1c
0
0
0
0
0
332
0
0
0
0
0
0
0
0
0
0
0
0
0
2
0
0
0
a
0
0
0
0
0
0
0
260
35e
0
0
0
0
0
0
0
0
0
10
0
0
0
0
10
0
8
0
12
0
0
1c
0
0
0
208
13e
0
1fa
0
0
0
0
22
26
20
22
30
28
0
0
24
0
1a
28
2a
0
0
0
0
0
2e
0
0
0
0
0
0
0
0
6
0
0
0
0
16
14
0
0
0
0
0
10
0
0
0
0
0
0
0
0
26
28
2a
24
1e
1a
16
12
e
e
14
18
0
0
0
0
0
2b8
0
0
0
0
0
0
0
0
0
0
0
0
0
0
2
0
0
a
a
a
0
0
0
0
6c
12e
0
0
354
0
0
0
0
0
0
0
12
14
14
16
16
16
0
0
0
0
0
0
1c
0
0
0
0
0
0
236
0
0
0
0
22
0
0
0
0
2a
0
0
1e
0
0
0
28
0
0
0
0
0
24
0
0
0
0
0
0
0
2e
20
0
18
1a
8
c
16
14
0
0
0
0
10
0
0
0
0
0
0
0
0
0
0
0
0
0
0
0
0
0
0
0
14
0
0
0
0
0
0
2aa
0
0
0
0
0
0
0
0
0
0
0
0
0
0
6
6
8
0
0
0
0
0
0
22
0
0
0
0
354
0
0
0
0
0
0
0
0
0
10
10
0
0
0
0
12
0
0
0
0
0
226
0
0
0
210
0
0
0
0
1a
0
0
0
0
0
0
0
0
0
0
0
0
20
0
0
0
28
0
98
0
0
0
0
30
16
2c
0
20
0
0
0
0
c
0
0
10
10
10
10
0
0
0
0
0
0
0
0
0
0
0
0
0
0
0
0
0
0
0
0
12
0
14
0
0
0
308
0
0
0
0
4
6
0
0
0
0
0
0
0
4
4
0
0
0
0
0
0
0
0
0
0
0
0
0
0
0
332
0
0
0
0
9a
38
0
0
0
0
0
18
0
0
0
1e
0
0
0
1f6
0
0
0
1d4
0
0
0
0
0
5c
0
0
0
48
0
56
10a
0
0
0
9c
0
0
0
0
0
0
160
0
192
0
0
d2
0
0
0
32
0
0
0
0
0
0
0
0
0
0
10
e
e
0
1e
20
0
0
0
0
0
0
1a
0
0
0
0
0
0
0
0
12
0
16
0
0
0
310
0
0
0
0
4
0
0
0
0
0
0
0
6
6
0
0
0
0
0
0
0
0
0
c
0
0
0
0
0
0
0
0
316
0
24a
17a
0
1c
2a
0
24
18
0
8
0
0
22
0
0
0
1ae
0
0
0
1ba
0
0
0
0
0
da
170
0
168
ca
0
0
1da
0
1da
238
16c
0
0
18
24
0
0
214
0
0
0
0
1c2
0
0
0
2a
0
0
0
0
0
0
0
0
0
0
0
0
0
0
0
0
0
0
c
0
1a
1c
1a
18
18
1c
20
14
0
a
10
10
0
10
0
0
0
2b4
0
0
0
0
0
0
0
0
0
0
0
0
0
0
2
0
0
0
0
0
0
0
0
c
0
0
0
0
0
0
0
0
0
0
0
0
0
1c
2c
0
0
0
0
0
0
0
20
0
0
1b0
0
0
0
0
1bc
0
0
0
0
0
0
1f2
114
1f8
0
0
0
258
0
0
272
0
0
0
18
0
0
0
288
0
0
0
296
28a
0
0
0
0
0
20
1e
0
0
0
0
0
0
0
0
0
0
0
0
0
e
0
0
0
14
0
0
0
0
0
22
20
0
0
0
e
e
0
0
0
0
26e
0
0
0
0
0
0
0
0
0
0
0
0
0
0
0
0
0
0
0
0
0
0
0
c
0
0
0
0
0
0
0
0
0
0
21a
0
0
0
0
0
0
0
e
0
0
1e
0
0
0
1f0
0
0
0
0
1fa
0
0
0
0
0
0
226
0
230
0
4e
0
264
0
0
0
272
0
0
0
0
0
0
282
0
0
0
1de
0
0
0
0
0
0
0
0
1e
22
20
1a
12
12
14
e
0
0
0
e
14
14
0
0
0
12
12
0
0
0
0
1a
22
0
0
0
0
0
14
0
0
0
0
264
0
0
0
0
2
0
0
0
0
0
2
2
2
0
0
0
0
0
0
0
0
0
a
a
0
c
0
0
0
0
0
0
0
2d6
0
0
0
0
16
0
0
14
0
0
26
0
0
0
1f6
0
0
0
0
232
0
0
0
0
0
20e
0
0
204
0
0
0
226
0
0
0
282
0
0
0
0
0
0
0
0
0
0
f4
0
294
0
0
0
0
0
0
0
0
0
0
12
12
12
0
a
0
e
0
0
0
0
0
0
0
0
0
0
0
0
0
0
0
0
0
0
0
18
0
0
0
0
25c
0
0
0
0
6
0
0
0
0
0
0
0
2
0
0
0
0
0
0
0
0
0
8
0
a
0
0
4
0
0
0
0
0
2a8
0
0
0
0
1e
0
0
18
0
0
2c
0
0
0
1c0
0
0
0
0
224
0
0
0
0
0
250
0
0
0
20c
0
0
1fa
0
0
0
0
0
0
0
0
0
23a
0
0
0
0
60
f4
1dc
0
298
0
0
0
0
0
0
0
0
0
0
0
0
0
e
16
0
0
0
0
0
0
18
1c
0
0
20
0
0
0
0
0
0
0
0
18
0
0
0
0
264
0
0
0
0
8
0
0
0
0
0
0
2
2
0
0
0
0
0
0
0
0
0
0
c
0
0
8
6
4
0
0
0
2b8
0
0
0
0
0
1c
0
0
14
0
0
2a
0
0
0
1a8
0
0
0
0
1de
0
0
0
0
0
25e
0
0
0
258
0
0
1f4
0
0
0
0
266
0
0
0
27c
0
0
0
0
0
24
60
0
0
0
0
0
0
0
0
0
0
0
0
0
0
4
0
6
e
16
1a
0
0
0
18
18
0
0
30
30
0
0
0
0
0
0
16
0
0
0
0
0
0
2ac
0
0
0
0
8
8
0
0
0
0
0
0
0
0
0
0
0
0
0
0
0
0
0
10
0
0
0
0
0
0
0
0
31e
0
0
0
0
0
c
0
0
0
0
0
22
0
0
0
1b2
0
0
0
1c4
0
0
0
0
0
0
238
0
0
0
24a
0
1f4
0
0
0
0
0
1fa
0
0
0
272
0
0
0
0
0
0
0
0
0
0
0
0
28e
0
0
0
0
0
0
0
0
0
0
0
0
0
0
0
0
1a
0
0
0
0
22
0
0
20
10
0
14
20
24
0
1a
0
0
0
0
320
0
0
0
14
0
8
0
0
0
0
0
0
0
0
0
0
0
0
0
0
0
0
0
12
0
a
4
6
0
0
0
0
32a
0
0
0
0
0
0
1c
0
0
0
1c
0
0
0
0
1a4
0
0
0
1ee
0
0
0
0
0
25e
0
0
0
0
1d0
0
0
18c
0
0
0
0
18a
0
112
0
1de
0
0
0
0
0
0
0
0
0
0
0
0
0
0
28a
0
0
0
0
0
0
0
0
0
0
0
0
0
0
26
24
0
0
0
0
0
0
0
0
0
0
0
0
0
0
0
0
0
0
0
0
0
0
46
0
0
0
0
0
0
0
0
0
0
0
0
0
0
0
0
0
0
12
0
0
4
0
0
0
0
0
0
0
0
0
0
0
0
0
0
0
0
0
1e
0
0
0
0
1bc
0
0
0
224
0
0
0
0
0
266
0
0
0
0
156
0
0
108
0
0
0
0
166
0
0
0
0
0
0
0
0
0
4
0
8
0
0
0
0
0
0
0
0
268
0
0
0
0
0
0
0
0
0
a
12
18
24
26
0
0
0
0
0
0
0
0
0
0
0
0
0
0
0
0
0
0
0
356
0
0
0
0
0
0
0
0
0
0
0
0
0
0
0
0
0
0
0
0
0
12
0
6
6
4
0
0
0
0
308
0
0
0
0
0
0
0
0
0
0
0
1c
0
0
0
0
21c
0
0
0
21e
0
0
0
0
0
22e
0
0
0
6e
d8
0
0
84
2e
0
0
0
174
0
134
176
0
0
0
0
0
0
6
0
0
0
0
0
0
0
0
0
0
0
22a
25e
25c
0
0
0
b0
36
0
0
0
0
18
24
0
20
1a
12
0
0
18
0
74
110
0
0
0
0
0
0
0
0
0
0
0
0
0
0
0
0
0
0
0
0
0
0
0
0
0
0
0
0
0
0
0
10
0
0
0
0
0
0
0
0
2ba
0
0
0
0
0
0
2e
30
0
0
0
18
0
0
0
0
21c
0
0
0
1e6
0
0
0
0
25c
0
0
0
0
26
0
0
0
0
12
0
32
a0
11c
0
0
118
ac
3e
10
8
6
6
0
2
0
0
0
0
0
0
0
0
0
0
0
0
0
232
282
260
178
0
0
0
0
0
0
18
0
0
0
0
0
0
12
0
0
178
18c
1e4
0
0
0
0
0
30
0
0
2de
0
0
0
0
0
0
0
0
0
0
0
0
0
0
0
0
0
0
0
0
a
a
0
8
6
0
0
0
300
0
0
0
0
14
0
0
0
24
0
0
14
16
0
0
0
0
1d8
0
0
200
0
0
0
0
0
260
0
0
0
0
0
0
0
0
0
0
0
8
0
0
0
0
0
0
10
0
0
0
0
2
0
2
4
4
0
0
0
0
0
0
0
0
0
0
0
0
0
0
0
0
28
0
0
0
0
12
0
0
12
0
0
18
0
0
0
192
0
2a8
0
0
0
0
0
0
0
0
314
0
0
0
0
0
0
0
0
0
0
0
0
0
0
0
0
0
0
0
8
8
8
0
0
0
0
0
308
0
0
0
0
0
0
0
0
0
0
0
12
12
0
16
0
0
0
0
0
1f0
0
0
0
0
0
226
0
0
0
0
0
0
0
0
0
4
6
0
0
0
0
0
0
0
0
0
6
8
6
2
0
2
2
2
0
8
0
0
0
0
0
0
0
0
0
0
1ce
0
0
0
28
0
0
0
0
28
1e
0
0
0
0
1c
0
0
0
1f8
0
0
31c
348
0
0
0
0
0
0
308
0
0
0
0
0
0
0
0
0
0
0
0
0
0
0
0
0
0
0
8
8
8
0
0
0
0
0
2c8
0
0
0
0
0
0
0
0
104
62
0
10
10
0
16
0
0
152
0
11c
19c
0
0
0
0
256
0
0
0
0
0
4
0
0
0
0
0
4
0
6
6
0
0
0
0
8
0
0
0
4
0
0
2
4
4
2
6
0
0
4
0
0
0
0
0
0
0
0
0
0
0
0
0
50
0
26
0
0
0
0
0
0
1a
0
0
0
25c
0
0
0
0
0
0
0
1f4
0
0
274
0
0
0
0
0
0
0
0
0
0
0
0
0
0
0
0
0
0
0
0
a
a
0
0
0
0
300
0
0
0
48
0
0
0
240
0
1c8
0
0
0
0
0
0
0
0
cc
0
0
12e
0
0
0
0
25a
0
0
0
0
0
0
0
0
0
6
4
8
6
8
0
2
0
0
0
0
0
6
6
6
2
0
0
0
0
0
0
0
6
0
0
0
3e
ca
190
0
29a
254
138
0
0
0
0
8e
0
0
0
0
0
0
0
0
1a
0
0
0
258
0
0
0
0
0
0
350
31c
0
0
2b8
0
0
0
0
0
0
0
0
0
0
0
0
0
0
0
0
0
0
0
0
8
a
0
0
0
0
2b0
0
0
0
10c
240
0
0
0
27e
0
0
0
0
0
0
0
20
0
50
0
0
ac
4a
0
0
226
0
0
0
0
0
0
0
4
4
6
6
0
0
0
0
2
0
0
0
0
0
0
0
0
2
0
0
0
0
0
2
6
6
0
0
0
0
0
0
274
0
0
138
0
0
0
0
ee
0
0
0
0
0
10
0
0
0
0
1c
0
0
0
2a2
0
0
0
0
0
0
0
0
0
31a
0
0
0
0
0
0
0
0
0
0
0
0
0
0
0
0
0
0
0
0
0
8
0
0
0
0
2b0
0
0
0
0
34c
356
0
0
264
0
0
0
0
0
0
0
0
20
0
0
0
0
0
0
0
260
0
0
0
0
0
0
0
4
4
0
2
0
0
0
0
0
0
0
0
0
0
0
0
0
0
0
0
0
0
0
0
4
0
8
0
0
0
0
0
0
0
0
0
0
0
16c
0
0
0
0
0
0
0
c
0
0
0
0
1a
0
0
0
30e
0
0
0
0
0
0
0
0
270
28a
1a6
0
0
0
0
0
0
0
0
0
0
0
0
0
0
0
0
0
0
0
8
8
0
0
0
0
2f6
0
0
0
0
356
0
0
0
23a
23a
0
0
0
0
0
0
0
24
0
0
0
0
0
0
0
25e
0
0
0
20
0
0
0
0
0
2
0
4
0
2
0
0
0
0
0
0
0
0
0
0
0
0
0
0
0
2
4
0
a
0
0
0
0
0
1fa
0
0
0
0
250
1e0
0
0
172
0
0
12
c
a
a
c
8
a
e
0
0
0
0
0
0
0
0
0
0
9c
0
0
0
0
ae
38
0
0
0
0
0
0
0
0
0
0
0
0
0
0
0
0
0
8
a
0
0
0
0
0
2aa
0
0
0
0
0
0
0
0
296
0
0
0
0
a
0
8
0
0
2a
0
0
0
0
0
226
0
0
0
0
1e
0
0
0
0
0
0
6
4
6
0
0
0
0
0
0
0
0
0
0
0
0
0
0
0
0
0
6
0
0
0
0
0
0
0
1bc
0
0
254
22a
0
0
0
1ee
0
0
0
0
0
0
0
0
0
8
0
0
16
0
0
0
334
0
0
0
10
34
0
0
0
0
0
6
0
0
0
0
0
0
0
0
0
0
0
0
0
0
0
0
0
a
a
0
0
0
0
0
26c
0
0
0
2da
0
0
0
0
2fc
0
0
0
0
0
0
c
0
0
2a
0
0
0
0
0
1b4
0
0
0
0
0
20
0
0
0
0
4
4
0
4
4
0
0
0
0
0
0
0
0
0
0
0
0
0
0
0
0
6
0
10
e
0
0
0
126
1d4
18c
0
0
0
0
0
0
1e4
0
0
0
e
0
0
0
0
0
8
0
0
0
0
0
0
322
0
0
0
0
0
0
0
0
0
2
0
0
0
0
0
0
0
0
0
0
0
0
0
0
0
0
0
0
a
a
0
0
0
0
0
0
282
0
30e
0
0
0
0
0
300
0
0
0
0
0
c
0
0
0
0
0
0
0
0
0
20c
0
0
0
0
0
20
0
0
4
0
0
6
0
4
4
0
0
0
0
0
0
0
0
0
0
0
0
0
0
0
8
c
0
0
0
0
0
0
a8
126
0
0
0
0
0
0
1c4
0
0
0
0
10
0
0
e
e
a
0
0
0
0
0
0
0
0
2ce
0
0
0
a
0
0
0
4
0
0
0
0
0
0
0
0
0
0
0
0
0
0
0
0
0
0
0
a
0
0
0
0
0
0
1fc
0
240
282
1a2
0
0
0
0
2aa
0
0
0
0
a
e
0
0
28
0
0
0
0
0
0
0
250
0
0
0
0
26
0
0
0
0
2
6
6
6
0
0
0
0
0
0
0
0
0
0
0
0
0
0
0
0
0
8
0
0
0
0
0
14
38
0
0
0
0
0
0
0
20a
0
0
0
0
0
16
e
12
c
a
0
e
14
0
22
0
0
0
31c
0
0
0
6
0
4
0
0
0
8
0
0
0
0
0
0
0
0
0
0
0
0
0
0
0
0
0
a
a
4
8
6
0
90
136
0
0
0
a0
0
0
0
2ac
0
0
0
0
6
c
0
0
0
1e
0
0
0
0
0
0
0
0
0
0
0
0
2a
0
0
8
0
2
2
0
0
0
0
2
0
0
0
0
0
0
0
0
0
0
0
0
2
8
e
c
e
c
8
8
e
14
0
0
0
0
0
0
0
0
0
0
0
0
0
e
0
0
0
0
0
0
14
0
1e
0
0
0
31a
0
0
0
0
0
0
0
8
8
0
0
0
0
0
0
0
0
0
0
0
0
0
0
0
0
0
0
8
0
0
6
0
10
34
0
0
0
0
0
0
0
0
322
0
0
0
0
6
12
0
0
1a
0
0
0
0
24
0
0
0
0
25e
0
0
0
0
0
0
0
8
0
0
0
2
6
4
4
0
0
0
0
0
0
0
0
0
0
0
0
0
2
0
0
0
0
0
0
0
0
0
0
0
0
0
0
288
0
0
0
0
0
0
0
0
0
6
0
0
0
12
0
0
0
0
0
2bc
0
0
0
0
0
0
0
0
0
0
0
0
0
0
0
0
0
0
0
0
0
0
0
0
0
0
0
8
0
0
6
0
8
0
0
0
0
0
0
0
0
0
0
0
0
0
0
0
0
0
1e
0
0
0
0
0
0
0
0
0
0
0
0
0
0
0
0
0
0
0
0
0
0
0
4
4
4
0
0
0
0
0
0
0
0
0
0
0
0
0
0
0
0
0
0
0
0
0
0
4
0
0
0
0
0
2a0
0
0
0
0
0
0
0
4
0
4
4
0
0
c
0
0
1e
0
0
0
2be
0
0
0
0
a
a
0
0
0
4
0
0
0
0
0
0
0
0
0
0
0
0
0
0
0
0
8
0
6
6
0
0
0
0
0
e
0
0
0
0
32a
0
0
0
14
14
0
14
1a
0
0
0
0
0
0
1e
0
0
0
0
0
268
0
0
0
0
0
0
0
0
0
0
2
4
4
2
0
0
0
0
0
0
0
0
0
0
0
0
0
0
0
0
0
0
0
0
0
0
4
0
0
0
0
0
0
0
0
0
0
0
0
0
0
0
6
6
0
0
a
c
0
1e
0
0
0
31e
0
0
0
0
a
a
0
0
6
4
0
0
0
0
0
0
0
0
0
0
0
0
0
0
0
0
8
0
0
4
0
4
0
0
0
e
0
0
0
2be
2be
0
0
0
14
1a
18
0
0
0
0
0
0
0
0
0
0
0
0
0
0
0
0
0
0
0
0
0
0
0
2
0
0
2
0
0
0
0
0
0
0
0
0
0
0
0
0
0
0
0
0
0
0
0
0
0
0
0
0
0
0
0
0
288
0
0
0
0
1e
0
0
0
0
0
6
0
0
0
0
0
0
16
0
0
0
0
0
0
0
0
0
0
0
4
4
0
0
0
0
0
0
0
0
0
0
0
0
0
0
0
0
0
6
0
0
6
6
4
6
0
0
0
0
0
0
30c
0
0
0
0
0
18
0
0
0
0
0
0
10e
7e
0
0
e
0
1a
0
0
0
0
0
0
0
0
0
0
0
6
6
6
0
0
0
0
0
0
0
0
0
0
0
0
0
0
0
0
0
0
0
0
0
0
0
0
0
0
0
0
0
288
0
0
0
0
0
14
0
0
1c
0
0
0
0
0
0
0
0
0
0
0
0
0
0
352
0
0
0
0
0
0
0
6
0
0
0
0
0
0
0
0
0
0
0
0
0
0
0
0
0
0
6
6
6
0
0
0
0
0
0
0
0
0
0
0
0
0
0
0
0
0
0
0
0
23c
0
1b6
0
0
0
c
0
0
0
0
0
0
0
0
0
0
0
0
0
6
0
0
6
0
0
0
0
0
0
0
0
0
0
0
0
0
0
0
0
0
0
2
2
0
0
0
0
0
0
0
0
0
0
0
0
0
0
0
0
0
24
1c
0
0
0
0
0
0
0
0
0
22
0
0
0
0
0
0
0
0
0
0
0
0
0
0
0
0
0
0
0
0
0
0
0
0
0
0
0
0
0
2
2
0
0
0
2
0
0
0
0
0
0
344
0
0
0
0
0
0
0
0
0
0
0
0
0
0
0
0
0
0
0
0
20
0
0
0
0
0
0
f6
64
0
0
4
0
4
8
0
0
0
0
0
0
0
0
0
0
0
0
0
0
0
0
0
0
2
0
0
0
8
0
0
0
0
0
0
0
0
0
0
0
0
8
0
22
24
1a
1a
0
0
0
0
0
0
0
1a
0
0
0
0
358
0
0
0
0
a
0
0
0
0
0
0
0
0
0
0
0
0
0
0
0
0
0
0
0
0
6
4
4
6
6
0
0
0
0
0
0
334
0
0
28
0
0
0
0
0
0
0
0
0
0
206
0
0
0
0
0
0
12
0
0
0
0
0
294
1dc
0
0
0
0
0
0
6
0
0
0
0
0
0
0
0
0
0
0
0
0
0
0
2
0
0
4
0
0
0
24
76
10c
0
2ac
0
0
0
0
18
0
1c
0
0
0
14
0
1a
0
16
14
16
16
18
1c
0
0
1c
0
0
0
0
0
0
0
0
0
a
c
e
0
0
0
0
0
0
0
0
0
0
0
0
0
0
0
0
4
4
0
0
0
6
0
0
0
0
0
0
23c
0
0
0
0
0
0
0
352
358
0
0
0
2ac
0
0
0
1c
0
0
0
0
0
0
0
0
0
286
0
0
0
0
0
0
2
0
6
0
0
0
0
0
0
0
0
0
0
0
0
0
0
0
6
6
0
0
8
0
0
10c
1ee
0
290
1c0
0
0
0
20
0
1c
0
30
24
0
0
0
0
0
0
0
0
0
18
0
0
0
0
0
0
0
320
0
0
0
0
0
0
0
0
0
0
0
0
0
0
0
0
0
0
0
0
0
0
0
4
4
0
0
0
4
0
0
0
0
240
0
0
0
0
0
0
0
0
0
0
256
0
0
0
28c
0
0
0
1e
0
0
0
0
0
0
0
0
0
0
0
0
0
0
0
0
0
0
4
4
0
0
0
0
0
0
0
0
0
0
0
0
0
4
4
4
0
8
0
0
0
0
0
0
0
0
3c
0
20
28
20
0
20
2c
0
0
0
0
e
0
0
0
0
0
0
0
0
0
0
0
0
0
2be
0
0
0
0
0
0
0
0
0
0
0
0
0
0
0
0
0
0
0
0
0
0
0
0
6
0
0
0
4
2
0
0
0
0
28e
276
0
0
1ea
2e8
326
2d8
0
0
112
0
0
0
25c
0
0
0
22
0
18
20
20
20
1c
2c
0
0
0
21e
0
0
0
0
4
0
0
4
4
0
0
0
0
0
0
0
0
0
0
0
0
0
4
4
0
8
0
0
0
0
0
23e
0
0
0
a
0
0
20
12
0
0
0
2a
0
0
0
0
0
0
0
0
0
0
8
8
0
0
0
0
0
0
2cc
0
0
0
0
4
0
0
0
0
0
0
0
0
0
0
0
0
0
0
0
0
0
0
6
0
0
0
2
2
0
0
13c
1fe
0
0
28c
24c
0
0
0
0
0
0
48
0
0
0
25a
0
0
0
0
0
0
0
0
0
1c
0
0
0
0
0
1ea
0
0
0
12
0
0
6
0
0
0
0
0
0
0
0
0
0
0
0
0
0
4
4
0
10
0
0
0
0
0
236
0
0
0
1c
0
0
12
0
0
0
0
2a
0
0
7a
0
0
0
0
0
0
8
8
0
8
0
0
0
0
0
0
0
0
0
0
0
0
0
0
0
0
0
0
0
0
0
0
0
0
0
0
0
0
0
6
0
0
0
0
0
0
38
94
0
0
0
0
0
0
0
0
0
0
0
0
0
0
0
268
0
0
0
0
0
0
0
0
0
0
0
0
0
0
0
1d8
0
0
0
20
0
0
0
0
0
0
0
0
0
0
0
0
0
0
0
0
0
0
0
0
1e
0
0
0
0
0
1f4
0
0
0
0
0
0
12
12
0
0
0
28
0
0
112
18e
0
0
0
0
0
0
0
0
0
0
0
0
0
0
0
356
0
0
0
0
0
0
0
0
0
0
0
0
0
0
0
0
0
0
0
0
0
0
6
0
0
0
0
0
0
12
0
0
0
0
118
0
0
17a
0
0
0
0
0
0
0
0
264
0
0
0
10
0
0
e
0
0
e
0
0
0
0
0
1c6
0
0
0
0
0
0
0
0
0
0
0
0
0
0
0
0
0
0
0
0
0
0
0
0
2a
0
0
0
0
1bc
0
0
0
0
14
0
0
0
0
12
18
0
1a
0
0
0
1f6
0
286
0
0
0
0
0
0
0
0
0
0
0
0
0
0
0
0
0
0
0
0
0
0
0
0
0
0
0
0
0
0
0
0
0
0
0
0
6
0
0
0
4
4
4
0
0
0
0
0
136
d2
0
100
0
0
0
a
0
0
0
268
0
0
0
0
12
0
e
12
e
0
0
0
0
0
0
1e0
0
0
0
0
0
0
0
0
0
0
0
0
4
2
0
0
0
0
0
0
0
0
0
0
0
2c
0
0
0
0
1ca
0
0
0
0
0
8
0
0
0
0
1e
0
0
0
0
0
0
0
0
304
0
0
0
0
0
0
0
0
0
0
0
0
0
356
0
0
0
0
0
0
0
0
0
0
0
0
0
0
0
0
0
0
0
0
2
6
6
6
6
4
4
4
8
c
0
0
80
f6
0
0
8a
0
0
0
0
0
0
0
2ac
0
0
0
0
0
8
12
e
0
0
0
0
0
0
0
234
0
0
0
0
1a
0
28
20
0
0
0
6
0
0
0
0
0
0
0
0
0
0
0
0
0
22
0
0
0
0
1ca
1ca
0
0
0
0
0
0
0
10
0
0
1e
0
0
0
0
260
0
0
0
0
34c
0
0
0
0
0
0
0
0
0
0
0
0
356
0
0
0
0
0
0
0
0
0
0
0
0
0
0
0
0
0
0
0
0
2
0
0
0
0
0
0
0
0
0
e
32
0
0
0
2a
0
6
0
0
0
0
0
318
0
0
0
0
0
0
e
0
0
0
0
0
0
0
0
0
0
0
0
0
0
0
26
28
0
0
0
0
0
0
0
0
0
0
0
0
0
0
0
0
22
0
0
0
0
0
0
1cc
0
0
0
16
0
0
c
c
c
0
14
0
0
0
0
0
0
0
0
0
0
0
350
0
0
0
0
0
0
0
0
0
0
334
0
0
0
0
0
0
0
0
0
0
0
0
0
0
0
0
0
0
0
0
0
0
0
0
0
0
0
0
0
0
0
0
0
0
0
0
0
0
a
0
0
0
0
32c
0
0
0
e
0
0
10
0
0
a
0
0
0
0
2f8
0
0
0
0
0
14
0
16
0
0
0
0
0
0
0
0
0
0
0
0
0
0
20
1e
0
16
0
0
22
0
0
0
1ca
0
0
0
16
0
0
14
10
e
e
0
0
0
0
0
0
0
340
226
a4
0
0
0
0
32c
0
0
0
0
0
0
0
0
20a
0
0
0
0
0
0
0
0
0
0
0
0
0
0
0
0
0
0
0
0
0
0
0
0
0
0
0
0
0
0
0
0
0
0
a
10
e
0
0
0
0
0
0
0
0
0
0
10
0
0
16
0
a
0
0
0
0
0
300
0
0
0
0
0
22
0
0
0
0
0
26
26
0
0
0
0
0
0
22
24
0
0
0
0
c
0
0
28
0
0
0
1d2
0
0
0
0
14
0
e
0
0
0
e
6
0
0
0
0
0
346
0
0
0
0
0
0
0
2da
320
312
2ae
0
0
0
0
0
0
208
0
0
0
0
0
0
0
0
0
0
0
0
0
0
0
0
0
0
0
0
0
0
0
0
0
0
0
0
0
0
0
0
0
e
0
0
0
0
0
0
31c
0
0
0
0
10
10
14
18
14
0
0
0
0
0
0
0
0
0
0
0
0
0
0
0
0
0
0
0
0
24
26
22
22
24
22
0
0
0
0
0
0
0
0
0
2a
0
0
0
1dc
0
0
0
0
0
0
0
0
0
0
0
0
0
0
0
0
0
0
0
0
0
0
0
0
0
0
0
0
0
2b2
316
314
286
292
2fa
2a8
0
0
0
0
0
0
0
0
0
0
0
0
0
0
0
0
0
0
0
0
0
0
0
0
0
0
0
0
0
0
0
0
0
10
0
0
0
0
0
2ca
0
0
0
0
0
0
0
0
0
0
0
0
0
0
0
2ca
1ce
0
0
0
0
0
0
0
1e
0
0
0
0
0
0
0
0
0
0
0
0
0
0
0
0
0
0
0
2a
0
0
0
1d4
1d4
0
0
18
0
0
0
0
0
6
0
0
0
0
a
0
0
0
0
2d2
0
0
0
0
0
0
0
0
0
0
0
0
0
0
0
0
1e4
f6
0
0
0
0
0
0
0
0
0
0
0
0
0
0
0
0
0
0
0
0
0
0
0
0
0
0
0
0
0
0
0
0
12
0
0
0
0
0
0
0
0
0
0
0
0
0
0
0
0
0
1f6
288
0
0
0
0
0
0
0
0
0
1a
0
2c
1e
10
8
0
0
0
0
0
0
0
0
0
0
0
0
0
0
0
0
2a
0
0
0
0
21c
0
0
0
18
1a
0
0
0
0
0
8
0
0
a
0
1c
0
0
0
320
0
0
0
0
0
0
0
0
0
0
0
0
0
0
0
0
58
0
0
0
0
0
0
0
0
0
0
0
0
0
0
0
0
0
0
0
0
0
0
0
0
0
0
0
0
0
0
0
0
0
0
0
0
0
328
0
0
0
0
0
0
0
0
0
0
0
0
0
0
0
0
0
0
c6
0
0
0
0
0
1a
2a
0
0
10
0
4
6
6
6
0
4
0
0
0
0
0
0
0
0
0
26
0
0
0
0
0
0
0
0
0
0
0
0
1e
0
0
0
e
e
0
0
1a
0
0
0
31a
0
0
0
0
0
0
0
0
0
0
0
0
0
0
0
0
0
0
0
0
0
0
0
0
0
0
0
0
0
0
0
0
0
0
0
0
0
0
0
0
0
0
0
0
0
0
0
0
0
0
0
0
0
0
340
0
0
48
0
0
0
0
0
0
0
1c4
0
0
0
160
1a2
1d0
182
0
0
0
0
0
0
0
0
0
0
1e
0
0
0
4
4
4
8
4
2
0
2
0
0
0
28
0
1a
0
0
0
0
282
2b4
236
15c
82
0
0
24
26
0
0
0
10
0
0
0
0
0
0
0
2aa
0
0
0
0
0
0
0
0
0
0
0
0
0
0
0
0
0
0
0
0
0
0
0
0
0
0
0
0
0
0
0
0
0
0
0
0
0
0
0
0
0
0
0
0
0
0
0
0
0
0
0
0
0
0
294
0
0
0
0
0
0
0
178
1ee
1da
0
0
0
138
0
0
0
164
0
0
0
0
8
0
0
0
0
0
0
0
10
0
8
0
4
0
4
0
0
0
0
0
0
0
0
10
0
0
3a
c8
19e
0
0
0
0
0
0
18
0
0
0
0
0
0
0
0
18
0
0
0
0
26e
0
0
0
8
0
0
0
0
0
0
0
0
0
0
0
0
0
0
0
0
0
0
0
0
0
0
0
0
0
0
0
0
0
0
0
0
0
0
0
0
0
0
0
0
0
0
0
0
0
0
0
244
0
0
0
0
0
0
13e
14c
136
0
0
0
0
0
0
0
0
0
1b6
0
0
0
0
0
6
0
0
0
0
0
0
0
0
0
0
0
8
0
0
0
0
0
0
0
0
0
10
a
0
0
0
0
0
0
0
24a
0
0
0
0
0
0
18
1c
20
1c
16
0
0
0
0
0
0
2b2
0
0
0
0
0
0
0
0
0
0
0
0
0
0
0
0
0
0
0
0
0
0
0
0
0
0
0
0
0
0
0
0
0
0
0
0
0
0
0
0
0
0
0
0
0
0
0
0
0
0
0
0
244
244
230
220
1f8
18e
0
0
0
0
0
106
16c
132
0
0
0
0
1f4
0
0
0
0
0
0
c
0
0
0
0
0
0
0
0
0
0
0
0
0
0
0
0
2a
24
1a
0
a
0
0
0
0
0
0
0
0
1b2
0
0
0
0
0
0
0
0
0
0
0
10
0
0
0
0
0
318
0
0
0
0
0
0
0
0
0
0
6
0
0
0
0
0
0
0
0
0
0
0
0
0
0
0
0
0
0
0
0
0
0
0
0
0
0
0
0
0
0
0
0
0
0
0
0
0
0
0
132
1e6
0
0
0
0
0
0
0
0
0
76
0
0
0
0
68
0
0
0
0
25a
1ac
0
0
16
0
0
0
0
0
8
0
1c
2c
2e
26
0
0
0
0
28
2a
0
0
0
0
0
0
0
0
0
0
0
0
0
0
0
0
0
0
0
0
0
0
0
a
0
0
0
0
0
0
0
0
318
0
0
0
0
0
0
0
0
2
6
6
2
0
0
0
0
0
0
0
0
0
0
0
0
0
0
0
0
0
0
0
0
0
0
0
0
0
0
0
0
0
0
0
0
0
0
0
0
0
0
0
ae
0
0
0
0
0
0
0
a2
0
0
0
0
0
0
0
0
0
0
196
24e
0
0
0
46
0
0
0
c
8
0
0
c
1c
0
26
24
1c
20
0
0
0
0
0
0
0
0
0
0
0
0
0
0
0
0
254
0
0
0
0
0
0
0
0
0
0
0
0
0
0
0
0
0
0
2b2
0
0
0
0
0
0
0
0
0
6
0
0
0
0
0
0
0
0
0
0
4
4
0
0
0
0
0
0
0
0
0
0
0
0
0
0
0
0
0
0
0
0
0
0
0
0
0
0
0
0
0
0
0
0
246
1e2
192
118
0
0
0
0
0
0
0
0
0
0
0
0
be
0
0
0
0
0
0
0
0
0
0
0
0
0
0
0
0
0
1c
0
0
0
0
0
0
6
4
0
0
0
0
0
0
0
25e
0
19c
c6
3a
0
0
0
58
6a
60
0
0
0
0
0
8
8
0
0
0
0
276
0
0
0
0
0
0
0
0
0
0
0
0
0
0
0
0
0
0
0
4
4
6
0
8
c
0
0
0
0
0
0
10
e
0
0
0
0
0
0
0
0
0
0
0
0
0
0
0
0
0
2b2
28e
0
0
0
0
0
0
0
40
6c
7c
64
38
0
0
0
0
0
0
0
0
0
0
0
0
0
0
0
0
0
6
4
0
0
0
0
0
0
0
0
0
4
6
6
0
0
0
0
0
0
0
0
0
0
0
0
0
0
0
0
0
70
6a
52
4a
0
0
0
0
8
0
0
0
0
2be
0
0
0
0
0
0
0
0
0
0
0
0
0
0
0
0
0
0
0
0
4
6
6
c
10
e
e
0
0
e
e
10
e
12
12
0
0
0
0
0
0
0
0
0
0
0
21a
228
266
0
0
0
0
0
0
0
0
0
0
0
0
0
0
0
0
0
0
0
0
0
0
0
0
0
0
0
0
0
0
0
0
0
0
6
0
0
0
0
0
0
6
6
0
0
0
0
0
0
0
0
260
0
0
0
0
0
0
0
0
0
56
0
60
0
0
0
52
5c
0
0
0
0
0
0
248
2f2
0
0
0
0
0
0
0
0
0
0
0
0
0
0
0
0
0
0
0
0
4
0
0
0
e
e
0
10
e
0
0
0
0
0
0
0
0
0
0
0
0
0
0
0
290
260
0
0
0
0
0
0
0
0
0
0
0
0
0
0
0
0
0
0
16
8
0
0
0
0
0
0
0
156
0
0
0
0
0
0
0
0
0
8
0
2
0
0
4
4
0
0
0
0
0
0
0
0
266
0
0
0
0
0
0
0
0
0
76
5c
0
0
0
0
0
0
0
0
0
0
40
0
0
0
1a2
0
0
248
2a4
2c2
27a
240
236
0
0
0
0
0
0
0
0
0
0
0
0
0
6
4
0
0
0
e
0
0
0
0
0
0
0
0
0
0
0
0
0
0
0
0
280
0
0
0
0
0
0
0
0
0
0
0
24
2c
30
0
0
0
0
0
38
0
0
0
0
0
0
2e
48
5c
78
c6
0
0
0
0
0
0
0
0
0
0
a
0
0
6
4
0
0
0
0
0
0
0
0
0
0
0
0
0
0
0
0
0
0
0
0
0
0
2e
0
0
24
0
20
0
0
0
0
40
0
0
d8
0
0
0
0
0
0
0
0
25a
27c
260
272
2ac
0
0
0
0
0
0
0
0
4
4
0
0
0
e
0
0
a
0
0
0
0
0
0
0
0
0
0
218
256
0
0
0
0
0
0
0
0
0
0
0
0
0
0
0
0
0
0
0
0
38
42
0
0
0
0
0
0
18
0
0
0
0
0
0
0
206
226
0
0
0
0
0
0
0
0
0
0
0
0
0
0
0
0
258
0
0
0
0
0
0
0
0
84
82
0
0
0
0
0
0
34
0
30
0
0
0
0
0
0
6e
0
0
0
7a
0
0
0
0
0
0
0
0
0
0
0
0
2ca
2ba
25e
224
0
0
0
0
6
4
0
0
0
10
0
0
0
0
0
0
0
0
0
212
21e
248
22c
0
0
0
0
0
0
0
0
0
0
28
30
26
1c
0
2a
0
0
2e
0
0
0
0
42
0
0
10
14
10
0
0
0
0
0
0
0
0
0
0
0
0
0
0
0
0
0
0
0
0
0
0
0
0
0
248
0
0
0
0
0
0
0
0
0
0
0
0
0
1c
0
0
0
0
34
0
0
0
0
0
44
0
6c
82
0
0
0
0
0
0
0
0
0
0
0
0
0
0
0
0
0
0
0
0
0
0
0
0
4
0
0
0
0
0
0
0
0
0
0
0
24c
276
25e
0
0
0
0
0
0
0
0
0
0
0
0
0
0
0
0
0
0
0
38
0
0
48
0
3c
0
0
32
0
0
0
0
10
12
14
12
0
0
0
0
0
0
0
0
0
0
212
0
0
0
0
0
0
0
0
0
0
248
0
0
0
0
0
0
0
0
8c
7e
0
0
0
0
0
0
0
0
0
38
3e
40
42
40
3e
40
0
46
64
0
0
88
84
0
36
4a
4c
4a
4e
52
4e
0
0
0
0
0
0
0
0
0
0
0
0
4
0
2
8
14
0
0
0
0
0
0
26c
0
0
0
0
0
0
0
0
0
0
0
0
0
a
0
0
0
0
0
0
0
0
3c
0
0
56
48
0
0
0
20
0
0
0
0
0
0
0
e
0
0
0
0
0
0
70
0
0
0
0
0
0
0
0
0
0
0
252
24e
0
0
0
0
0
0
0
0
86
0
0
0
0
0
0
0
0
0
0
0
0
0
0
0
0
0
0
0
0
0
0
0
0
60
0
0
0
0
0
0
0
0
0
4c
52
44
0
0
0
0
0
0
0
0
0
0
0
0
0
42
0
0
0
0
2ae
0
0
0
0
0
0
0
0
0
0
0
0
0
0
e
0
0
0
2a
26
24
0
0
0
44
48
0
0
30
0
0
0
0
0
0
0
0
0
0
0
0
0
0
10
10
20
0
64
0
0
0
0
0
1ec
20c
1d2
1d6
236
0
0
0
0
0
0
0
0
0
88
78
0
0
0
0
0
0
0
0
0
0
6c
6e
52
52
0
0
0
0
38
3a
42
0
0
0
0
0
0
0
44
0
0
0
0
0
0
0
0
0
0
0
0
0
0
0
0
0
0
4
0
0
0
ae
198
272
2e2
0
0
0
0
0
0
0
0
0
10
0
0
0
0
0
0
0
0
0
0
20
0
0
0
0
0
0
0
0
0
18
0
0
0
0
20
0
0
0
0
0
0
0
0
0
12
10
10
0
0
0
0
52
0
0
0
0
0
0
0
0
0
0
0
0
30
62
84
0
0
0
0
0
0
0
0
0
5c
6c
6e
66
0
0
0
0
54
48
48
0
0
0
0
0
0
0
0
0
0
0
0
3c
0
0
0
a
0
0
32
0
0
2e
3e
42
46
0
0
0
0
8
0
0
0
0
272
0
0
0
0
0
0
0
0
14
0
0
0
0
14
0
0
0
0
0
0
0
0
0
0
0
0
0
0
0
0
0
22
30
28
e
0
0
0
44
46
50
58
0
0
0
0
0
0
c
0
0
0
48
66
6a
0
0
0
0
0
0
0
0
0
0
0
0
0
0
0
0
0
0
0
0
0
48
48
0
0
0
0
0
0
0
0
0
0
0
0
0
0
0
0
0
0
4e
54
56
50
48
58
54
0
0
0
0
0
0
0
0
0
0
0
0
0
0
0
0
0
10
20
0
0
0
0
0
0
0
0
28
24
0
12
10
0
0
0
0
1c
28
2a
2c
2a
2e
3c
46
4c
50
50
52
50
42
0
0
0
0
0
0
28
0
0
0
0
3e
0
0
0
66
74
74
0
0
0
0
0
0
0
0
0
0
5e
56
0
0
0
0
0
0
0
0
0
0
0
4e
0
0
0
0
6a
60
54
0
0
0
0
0
0
0
0
0
0
0
0
0
0
0
0
0
48
5e
56
0
0
0
0
0
0
30
0
0
0
0
0
5a
40
0
26
0
0
0
0
0
0
0
0
0
0
0
0
2de
0
0
0
0
20
24
20
14
0
0
0
0
0
0
0
18
0
0
0
0
0
0
0
0
0
0
0
0
0
0
0
0
0
1e
1e
0
0
0
0
56
0
0
0
0
0
74
76
74
0
0
0
0
0
0
0
0
0
0
0
0
0
0
4
4
0
0
0
0
0
60
66
0
70
6e
0
0
0
0
0
0
0
0
5c
66
48
22
0
0
0
0
0
0
0
0
0
0
0
0
0
0
0
0
0
0
0
0
0
64
5a
0
0
0
0
0
0
0
0
0
0
0
0
0
0
0
0
2ac
0
0
0
1c
0
0
0
0
0
0
0
0
0
0
0
20
22
20
24
2c
38
3e
0
0
0
34
44
46
46
3e
32
22
0
0
0
0
0
0
0
0
0
0
0
0
0
0
0
0
70
0
0
0
0
0
0
0
0
0
0
e
0
0
8
0
0
0
0
0
32
4c
0
5a
0
0
0
0
0
0
0
0
0
5a
0
6c
0
0
0
12
10
0
0
2a
0
30
0
0
0
0
38
46
46
44
48
0
5a
60
64
0
0
0
0
0
0
0
0
0
0
0
0
0
0
0
0
0
0
0
0
0
0
0
0
0
0
0
0
16
18
16
0
0
0
0
0
0
0
0
0
0
0
26
26
0
0
0
0
0
0
0
0
0
36
0
0
10
0
0
0
0
5e
34
0
0
0
0
0
0
7a
7e
7a
0
0
0
0
0
0
c
0
0
8
0
0
0
e
0
0
0
0
0
0
0
0
0
0
0
0
0
0
0
0
4c
0
0
0
0
0
10
0
0
34
0
0
0
0
0
0
0
0
0
0
56
0
0
0
0
0
0
0
0
0
0
0
0
0
0
0
0
0
0
0
260
0
0
0
30
0
0
0
0
e
0
0
0
0
0
20
20
22
1e
1c
10
22
36
0
0
0
0
0
0
0
0
38
44
3a
20
0
0
2c
36
34
22
0
0
0
0
76
0
0
0
0
10
0
0
0
0
0
7e
82
0
0
0
0
0
0
0
0
0
0
a
0
0
0
0
0
0
0
0
0
0
0
0
0
7c
0
0
0
3e
0
0
0
0
0
0
0
0
0
2e
0
0
0
18
0
0
0
0
0
0
0
0
0
0
0
66
7c
62
0
0
0
56
0
0
0
0
0
0
0
292
0
0
0
20
0
0
0
4
0
e
1a
1e
0
0
0
0
0
0
0
10
0
3c
38
34
34
30
2c
2e
2e
30
38
0
0
0
0
0
0
0
1a
1a
0
0
0
4e
72
0
0
0
0
0
0
0
0
0
0
0
0
0
7c
78
0
5c
48
2c
12
4
0
0
a
0
0
0
0
0
0
0
0
0
0
86
0
4c
0
0
0
4e
48
42
0
0
0
0
0
0
0
0
0
0
0
0
0
0
0
0
0
0
0
0
0
0
0
0
0
0
0
0
36
0
0
0
0
0
0
0
0
254
0
0
0
0
0
a
0
0
0
0
0
0
0
1c
24
1e
16
16
0
0
0
0
0
0
0
0
0
0
0
0
0
14
0
0
18
22
28
2a
28
1c
0
0
0
28
0
0
72
70
0
0
0
0
0
0
0
0
0
0
0
0
0
6a
0
0
0
0
0
6
c
0
0
0
0
0
0
0
0
0
86
0
0
16
0
0
44
0
0
0
0
0
a
6
0
1e
0
0
0
52
4a
40
38
34
30
22
0
0
0
0
70
6c
0
0
0
0
0
0
0
0
0
0
0
0
0
0
20a
0
0
0
0
0
2
0
14
24
0
0
0
0
0
0
0
0
0
0
0
0
0
0
0
0
0
0
0
0
0
0
0
0
0
16
0
0
0
0
0
0
0
0
0
12
0
0
0
0
6c
74
72
66
0
0
0
0
0
0
0
0
0
46
0
0
0
0
0
0
6
0
0
0
0
0
0
66
86
0
0
0
0
0
0
0
0
0
38
0
0
0
0
0
0
0
0
0
0
0
0
0
0
0
0
0
0
0
76
74
0
0
0
0
0
0
0
0
0
0
0
0
0
0
0
0
1e8
0
0
c
0
a
a
0
24
32
32
28
2e
0
0
0
0
0
0
0
0
0
6a
58
48
3c
32
2e
2a
2c
30
32
2a
1c
0
0
1a
22
28
2c
36
0
0
0
0
0
0
0
0
0
0
0
0
66
6e
0
0
0
0
0
0
0
0
0
3e
0
0
0
0
0
0
0
0
0
0
0
0
0
0
0
0
0
0
0
0
0
0
0
48
0
0
0
0
0
0
0
0
0
0
0
8
0
0
0
0
0
0
7e
0
0
0
0
0
0
0
0
58
60
58
0
0
0
0
0
0
0
21c
0
0
0
0
a
a
0
0
0
2a
0
0
3a
44
4a
46
44
0
0
66
0
0
0
0
0
0
0
0
0
0
0
0
0
10
0
12
0
0
0
0
0
0
0
0
0
0
0
0
0
0
0
0
0
0
0
78
0
0
0
0
0
0
0
4e
0
0
0
0
0
0
0
0
0
0
68
0
0
0
0
0
0
0
0
0
0
0
0
0
0
0
0
0
0
0
6
0
6
0
0
0
0
0
0
88
8e
0
0
0
0
32
4c
58
5e
5c
56
0
0
0
0
0
0
0
0
0
0
24a
0
0
0
0
8
0
0
0
0
24
0
0
0
0
0
0
0
48
56
0
0
0
0
36
0
0
0
0
0
0
0
1c
0
0
0
1e
34
3c
2e
0
0
4e
56
58
56
0
0
0
0
a
0
0
0
0
0
0
0
80
74
0
0
0
0
0
0
52
56
0
0
0
0
74
7a
72
0
0
0
0
0
0
0
0
0
0
58
0
0
0
0
0
8
0
2
0
0
0
0
0
0
0
0
0
88
0
0
0
0
0
0
4c
0
0
0
0
0
0
0
0
0
0
0
0
0
0
24a
0
0
0
0
0
0
0
0
0
0
0
0
0
0
0
0
0
0
0
0
0
0
0
0
0
40
50
5c
0
0
0
0
0
0
0
22
0
0
0
3c
0
0
0
0
0
0
58
52
3e
28
0
0
0
0
0
0
0
0
0
0
72
64
48
36
0
0
0
0
5e
6c
7c
76
0
0
0
0
0
0
0
0
48
5a
66
68
5e
0
0
44
38
20
0
0
0
0
0
0
0
0
0
0
0
86
0
0
0
0
0
0
0
0
0
0
0
0
0
0
0
0
0
0
0
0
0
0
0
27a
0
0
0
0
0
0
e
14
1a
0
0
44
5a
5e
4a
2c
14
0
0
26
0
0
0
0
0
0
50
0
72
78
6c
0
0
0
0
0
0
0
0
0
42
34
0
0
0
0
0
0
0
0
0
0
0
0
0
0
a
0
0
0
0
0
0
0
0
0
0
0
0
0
0
0
0
0
0
0
22
0
0
0
0
0
0
0
0
0
0
0
0
e
0
0
0
0
0
0
0
0
0
0
0
0
0
0
0
0
22
2c
0
0
0
0
0
0
0
0
0
0
0
0
0
0
0
0
0
260
0
0
0
10
0
0
0
0
0
0
0
0
0
0
0
0
0
0
1c
2e
34
0
0
0
0
0
0
0
0
0
0
6a
6a
66
0
0
0
0
0
28
40
0
0
0
0
0
0
0
0
0
2a
0
4a
46
4c
40
24
0
0
0
0
0
0
0
0
56
40
0
0
0
0
0
0
0
14
24
2e
30
0
0
0
0
0
2a
0
0
0
0
0
0
0
0
8
10
0
0
0
0
88
0
0
0
0
0
0
0
0
0
0
0
0
0
3a
48
0
0
28
12
0
0
0
0
0
0
212
0
0
0
0
0
0
0
12
10
0
18
0
0
0
0
32
0
0
0
0
0
0
0
40
56
52
0
0
0
0
0
0
0
0
66
78
80
76
0
0
0
0
0
0
0
0
0
0
0
22
0
0
0
0
0
4a
4c
0
0
0
1e
3c
5a
6a
64
0
0
0
0
0
0
e
0
0
0
0
0
0
24
0
0
0
0
0
28
0
0
0
0
0
8
a
0
10
0
0
0
0
0
0
0
0
0
0
0
0
0
0
0
0
0
0
0
48
4a
3a
0
12
0
0
a
0
0
0
0
1f6
0
0
0
14
0
0
0
0
0
0
2a
38
2c
2c
32
42
0
0
0
0
0
0
30
0
0
0
0
0
0
0
0
0
0
0
0
0
0
0
7e
74
0
0
0
0
28
2c
2e
32
0
0
0
0
0
0
0
0
0
0
0
0
0
0
0
0
0
0
0
0
26
0
0
0
0
0
0
0
0
0
0
0
0
0
3e
3e
3c
2a
0
6
a
8
a
a
0
26
0
0
84
0
0
0
0
0
0
28
24
0
0
3a
44
3a
36
0
0
0
0
0
0
0
c
c
a
0
0
0
0
1fc
0
0
0
1c
0
0
16
0
0
0
0
0
0
0
0
0
0
0
0
0
0
0
0
0
0
0
0
0
0
0
0
0
0
0
0
0
0
0
0
0
70
0
0
0
0
0
0
0
2c
34
34
34
40
4a
50
56
46
26
0
0
0
0
46
0
0
30
2c
28
0
0
0
0
0
0
0
0
0
0
0
0
56
0
0
0
0
10
0
0
a
8
0
12
26
4c
72
0
0
0
0
0
24
32
30
0
0
20
2c
0
3e
0
0
0
42
38
28
0
0
0
0
0
0
0
0
0
0
236
0
0
0
12
0
0
14
16
0
0
0
0
0
22
1e
3a
40
34
30
0
0
0
0
0
54
50
50
54
56
0
0
0
0
0
0
0
0
0
0
0
0
64
6e
6a
0
0
0
0
0
0
0
0
0
0
0
0
0
0
a
0
0
0
46
48
3c
0
0
0
0
0
0
0
0
62
5c
64
68
60
5a
56
48
0
0
0
0
0
0
0
8
0
0
0
0
0
0
0
0
0
0
0
0
0
0
0
0
0
0
0
0
0
0
2e
0
0
14
e
0
0
0
0
0
0
0
0
0
286
0
0
0
0
a
0
0
12
12
0
1c
28
0
0
0
0
0
0
0
0
0
0
0
0
0
0
0
0
0
5e
0
0
0
0
0
0
0
0
0
0
0
0
0
0
0
68
5e
0
0
0
0
0
0
0
0
0
0
0
0
0
0
0
0
0
0
0
0
0
0
56
58
6a
72
0
0
0
0
0
0
0
0
0
0
0
0
0
0
0
0
0
0
0
0
0
0
0
0
0
0
0
0
0
0
0
0
0
0
0
0
0
0
38
0
0
0
0
0
0
0
0
0
0
0
0
0
298
0
0
0
0
0
0
0
0
0
0
0
0
0
0
0
0
0
0
0
0
0
0
0
0
0
0
0
0
0
0
0
0
0
0
0
0
0
0
0
0
0
0
0
0
0
0
0
0
52
42
0
0
0
0
0
0
0
0
0
0
0
0
0
0
0
0
0
0
0
0
0
0
0
0
0
0
0
0
0
0
0
0
0
0
0
0
0
0
0
0
0
0
0
0
0
0
0
0
0
0
0
0
0
0
0
0
0
0
0
0
0
0
0
0
0
0
0
0
0
0
0
0
0
0
0
0
0
0
0
0
0
0
0
0
0
0
0
0
0
0
0
0
0
0
0
0
0
0
0
0
0
0
0
0
0
0
0
0
0
0
0
0
0
0
0
0
0
0
0
0
0
0
0
0
0
0
0
0
0
0
0
0
0
0
0
0
0
0
0
0
0
0
0
0
0
0
0
0
0
0
0
0
0
0
0
0
0
0
0
0
0
0
0
0
0
0
0
0
0
0
0
0
0
0
0
0
0
0
0
0
0
0
0
0
0
0
0
0
0
0
0
0
0
0
0
0
0
0
0
