0
0
0
0
0
0
0
0
0
0
0
0
0
0
0
0
0
0
0
0
0
0
0
0
0
0
0
0
0
0
0
0
0
0
0
0
0
0
0
0
0
0
0
0
0
0
0
0
0
0
0
0
0
0
0
0
0
0
0
0
0
0
0
0
0
0
0
0
0
0
0
0
0
0
0
0
0
0
0
0
0
0
0
0
0
0
0
0
0
0
0
0
0
0
0
0
0
0
0
0
0
0
0
0
0
0
0
0
0
0
0
0
0
0
0
0
0
0
0
0
0
0
0
0
0
0
0
0
0
0
0
0
0
0
0
0
0
0
0
0
0
0
0
0
0
0
0
0
0
0
0
0
0
0
0
0
0
0
0
0
0
0
0
0
0
0
0
0
0
0
0
0
0
0
0
0
0
0
0
0
0
0
0
0
0
0
0
0
0
0
0
0
0
0
0
0
0
0
0
0
0
0
0
0
0
0
0
0
0
0
0
0
0
0
0
0
0
0
0
0
0
0
0
0
0
0
0
0
0
0
0
0
0
0
0
0
0
0
0
0
0
0
0
0
0
0
0
0
0
0
0
0
0
0
0
0
0
0
0
0
0
0
0
0
0
0
0
0
0
0
0
0
0
0
0
0
0
0
0
0
0
0
0
0
0
0
0
0
0
0
0
0
0
0
0
0
0
0
0
0
0
0
0
0
0
0
0
0
0
0
0
0
0
0
0
0
0
0
0
0
0
0
0
0
0
0
0
0
0
0
0
0
0
0
0
0
0
0
0
0
0
0
0
0
0
0
0
0
0
0
0
0
0
0
0
0
0
0
0
0
0
0
0
0
0
0
0
0
0
0
0
0
0
0
0
0
0
0
0
0
0
0
0
0
0
0
0
0
0
0
0
0
0
0
0
0
0
0
0
0
0
0
0
0
0
0
0
0
0
0
0
0
0
0
0
0
0
0
0
0
0
0
0
0
0
0
0
0
0
0
0
0
0
0
0
0
0
0
0
0
0
0
0
0
0
0
0
0
0
0
0
0
0
0
0
0
0
0
0
0
0
0
0
0
0
0
0
0
0
0
0
0
0
0
0
0
0
0
0
0
0
0
0
0
0
0
0
0
0
0
0
0
0
0
0
0
0
0
0
0
0
0
0
0
0
0
0
0
0
0
0
0
0
0
0
0
0
0
0
0
0
0
0
0
0
0
0
4
a
10
14
14
10
8
2
0
0
0
0
0
0
0
0
0
0
0
0
0
0
0
0
0
0
0
0
0
0
0
0
0
0
0
0
0
0
0
0
0
0
0
0
0
0
0
0
0
0
0
0
0
0
0
0
0
0
0
0
0
0
0
0
0
0
0
0
0
0
0
0
2
8
10
14
14
10
8
2
0
0
0
0
0
0
0
0
0
0
0
0
0
0
0
0
0
0
0
0
0
0
0
0
0
0
0
0
0
0
0
0
0
0
0
0
0
0
0
0
0
0
0
0
2
a
24
4a
6c
78
78
6c
46
20
a
2
0
0
0
0
0
0
0
0
0
0
0
0
0
0
0
0
0
0
0
0
0
0
0
0
0
0
0
0
0
0
0
0
0
0
0
0
0
0
0
0
0
0
0
0
0
0
0
0
0
0
0
0
0
0
0
0
0
0
0
0
2
a
20
46
6c
78
78
6c
46
20
a
2
0
0
0
0
0
0
0
0
0
0
0
0
0
0
0
0
0
0
0
0
0
0
0
0
0
0
0
0
0
0
0
0
0
0
0
0
0
0
0
0
0
0
a
30
84
ec
12c
12a
12c
12c
e6
82
34
e
2
0
0
0
0
0
0
0
0
0
0
0
0
0
0
0
0
0
0
0
0
0
0
0
0
0
0
0
0
0
0
0
0
0
0
0
0
0
0
0
0
0
0
0
0
0
0
0
0
0
0
0
0
0
0
0
0
0
0
2
e
36
86
e8
12c
12c
12c
12c
e6
80
30
a
0
0
0
0
0
0
0
0
0
0
0
0
0
0
0
0
0
0
0
0
0
0
0
0
0
0
0
0
0
0
0
0
0
0
0
0
0
0
0
0
0
2
20
82
122
1a6
1ba
17c
182
1bc
1a6
134
a4
3e
10
2
0
0
0
0
0
0
0
0
0
0
0
0
0
0
0
0
0
0
0
0
0
0
0
0
0
0
0
0
0
0
0
0
0
0
0
0
0
0
0
0
0
0
0
0
0
0
0
0
0
0
0
0
0
0
0
0
2
10
40
aa
13a
1a6
1ba
180
180
1bc
1a2
122
86
24
4
0
0
0
0
0
0
0
0
0
0
0
0
0
0
0
0
0
0
0
0
0
0
0
0
0
0
0
0
0
0
0
0
0
0
0
0
0
0
0
0
8
48
ee
1a8
1de
180
108
110
180
1de
1d4
156
b6
46
12
2
0
0
0
0
0
0
0
0
0
0
0
0
0
0
0
0
0
0
0
0
0
0
0
0
0
0
0
0
0
0
0
0
0
0
0
0
0
0
0
0
0
0
0
0
0
0
0
0
0
0
0
0
0
0
2
12
4a
be
15c
1d6
1da
17c
10e
10e
184
1e0
1b0
f8
50
c
0
0
0
0
0
0
0
0
0
0
0
0
0
0
0
0
0
0
0
0
0
0
0
0
0
0
0
0
0
0
0
0
0
0
0
0
0
0
0
0
12
76
140
1ca
186
dc
68
6a
ca
15e
1da
1e0
166
c6
50
16
4
0
0
0
0
0
0
0
0
0
0
0
0
0
0
0
0
0
0
0
0
0
0
0
0
0
0
0
0
0
0
0
0
0
0
0
0
0
0
0
0
0
0
0
0
0
0
0
0
0
0
0
0
4
16
52
d0
170
1e2
1d8
158
c6
6a
6c
da
182
1d0
14a
7c
14
0
0
0
0
0
0
0
0
0
0
0
0
0
0
0
0
0
0
0
0
0
0
0
0
0
0
0
0
0
0
0
0
0
0
0
0
0
0
0
0
1a
92
15c
1a4
114
68
1a
16
42
aa
14a
1d4
1e6
178
d6
58
1a
4
0
0
0
0
0
0
0
0
0
0
0
0
0
0
0
0
0
0
0
0
0
0
0
0
0
0
0
0
0
0
0
0
0
0
0
0
0
0
0
0
0
0
0
0
0
0
0
0
0
0
4
1c
5e
e0
182
1e8
1ce
142
a4
40
16
1a
60
106
19e
160
96
1a
0
0
0
0
0
0
0
0
0
0
0
0
0
0
0
0
0
0
0
0
0
0
0
0
0
0
0
0
0
0
0
0
0
0
0
0
0
0
0
0
1e
9a
152
16c
c6
36
6
2
e
36
9a
138
1c6
1ea
186
e4
62
1c
4
0
0
0
0
0
0
0
0
0
0
0
0
0
0
0
0
0
0
0
0
0
0
0
0
0
0
0
0
0
0
0
0
0
0
0
0
0
0
0
0
0
0
0
0
0
0
0
0
6
20
6a
f0
18e
1ea
1c2
132
94
34
e
2
6
30
ba
162
150
9c
1e
0
0
0
0
0
0
0
0
0
0
0
0
0
0
0
0
0
0
0
0
0
0
0
0
0
0
0
0
0
0
0
0
0
0
0
0
0
0
0
0
20
98
140
158
c4
46
14
4
2
c
30
8e
126
1bc
1ee
196
f8
6e
22
6
0
0
0
0
0
0
0
0
0
0
0
0
0
0
0
0
0
0
0
0
0
0
0
0
0
0
0
0
0
0
0
0
0
0
0
0
0
0
0
0
0
0
0
0
0
0
6
26
76
102
19e
1ec
1b4
120
8a
2c
a
2
4
14
46
c8
160
148
98
1e
0
0
0
0
0
0
0
0
0
0
0
0
0
0
0
0
0
0
0
0
0
0
0
0
0
0
0
0
0
0
0
0
0
0
0
0
0
0
0
0
20
96
13c
156
d4
64
30
14
6
0
a
2c
84
116
1b0
1f0
1a4
108
7a
26
6
0
0
0
0
0
0
0
0
0
0
0
0
0
0
0
0
0
0
0
0
0
0
0
0
0
0
0
0
0
0
0
0
0
0
0
0
0
0
0
0
0
0
0
2
a
2a
82
114
1ac
1ee
1a8
10e
7e
28
6
2
6
16
34
68
da
15e
142
96
1e
0
0
0
0
0
0
0
0
0
0
0
0
0
0
0
0
0
0
0
0
0
0
0
0
0
0
0
0
0
0
0
0
0
0
0
0
0
0
0
0
20
92
12c
13e
c8
72
50
32
18
a
2
6
26
76
104
1a4
1ec
1ae
11a
86
2c
a
2
0
0
0
0
0
0
0
0
0
0
0
0
0
0
0
0
0
0
0
0
0
0
0
0
0
0
0
0
0
0
0
0
0
0
0
0
0
0
0
0
2
c
30
8c
126
1ba
1ec
198
fa
70
22
6
2
a
18
34
52
72
ca
142
12c
8c
1c
0
0
0
0
0
0
0
0
0
0
0
0
0
0
0
0
0
0
0
0
0
0
0
0
0
0
0
0
0
0
0
0
0
0
0
0
0
0
0
0
20
8e
11e
124
a8
60
5a
50
34
1a
a
2
6
20
6a
f6
194
1ea
1be
12c
92
32
c
2
0
0
0
0
0
0
0
0
0
0
0
0
0
0
0
0
0
0
0
0
0
0
0
0
0
0
0
0
0
0
0
0
0
0
0
0
0
0
2
e
36
9a
138
1c8
1ea
188
e8
64
1e
4
2
a
1c
36
50
5a
60
aa
126
11c
88
1c
0
0
0
0
0
0
0
0
0
0
0
0
0
0
0
0
0
0
0
0
0
0
0
0
0
0
0
0
0
0
0
0
0
0
0
0
0
0
0
0
20
8c
118
116
8e
40
46
5a
52
36
1c
a
2
4
1c
62
e4
182
1e8
1c8
13a
9e
38
e
2
0
0
0
0
0
0
0
0
0
0
0
0
0
0
0
0
0
0
0
0
0
0
0
0
0
0
0
0
0
0
0
0
0
0
0
0
2
10
40
aa
14a
1d4
1e6
178
d8
5a
1a
4
2
a
1c
3a
54
58
48
42
90
118
118
88
1c
0
0
0
0
0
0
0
0
0
0
0
0
0
0
0
0
0
0
0
0
0
0
0
0
0
0
0
0
0
0
0
0
0
0
0
0
0
0
0
0
20
8c
118
112
82
28
26
46
5a
54
3a
1c
a
2
4
1a
58
d2
174
1e4
1d2
14c
ac
40
10
2
0
0
0
0
0
0
0
0
0
0
0
0
0
0
0
0
0
0
0
0
0
0
0
0
0
0
0
0
0
0
0
0
0
0
2
12
48
bc
15c
1da
1e0
166
c6
50
16
4
2
c
20
3c
56
58
42
26
26
82
114
118
88
1c
0
0
0
0
0
0
0
0
0
0
0
0
0
0
0
0
0
0
0
0
0
0
0
0
0
0
0
0
0
0
0
0
0
0
0
0
0
0
0
0
20
8c
118
110
7c
1a
c
24
42
58
56
3c
20
c
2
4
16
4e
c4
164
1de
1da
15c
bc
48
12
2
0
0
0
0
0
0
0
0
0
0
0
0
0
0
0
0
0
0
0
0
0
0
0
0
0
0
0
0
0
0
0
0
4
16
52
ce
170
1e2
1d6
156
b6
46
12
2
2
c
24
42
58
58
40
22
c
1a
80
114
118
88
1c
0
0
0
0
0
0
0
0
0
0
0
0
0
0
0
0
0
0
0
0
0
0
0
0
0
0
0
0
0
0
0
0
0
0
0
0
0
0
0
0
20
8c
118
110
7c
18
2
c
22
40
58
58
42
24
c
2
2
12
46
b4
154
1d6
1e0
16c
ca
50
16
4
0
0
0
0
0
0
0
0
0
0
0
0
0
0
0
0
0
0
0
0
0
0
0
0
0
0
0
0
0
0
4
1c
5e
de
180
1e8
1cc
142
a6
3e
10
2
4
10
26
44
58
54
3c
20
c
2
18
80
114
118
88
1c
0
0
0
0
0
0
0
0
0
0
0
0
0
0
0
0
0
0
0
0
0
0
0
0
0
0
0
0
0
0
0
0
0
0
0
0
0
0
0
0
20
8c
118
110
7c
18
0
2
c
20
3c
54
5a
48
28
10
4
2
10
3e
a6
144
1ce
1e6
17c
da
5a
1a
4
0
0
0
0
0
0
0
0
0
0
0
0
0
0
0
0
0
0
0
0
0
0
0
0
0
0
0
0
4
1e
68
ee
18c
1ea
1c2
132
98
36
e
2
4
12
2a
46
58
52
38
1c
a
2
0
18
80
114
118
88
1c
0
0
0
0
0
0
0
0
0
0
0
0
0
0
0
0
0
0
0
0
0
0
0
0
0
0
0
0
0
0
0
0
0
0
0
0
0
0
0
0
20
8c
118
110
7c
18
0
0
2
a
1c
36
52
5c
48
2a
12
4
2
e
36
9a
138
1c6
1ec
18c
ea
66
1e
4
0
0
0
0
0
0
0
0
0
0
0
0
0
0
0
0
0
0
0
0
0
0
0
0
0
0
6
24
74
100
19c
1ec
1b6
122
8c
2e
a
2
4
14
2c
46
58
50
36
1c
a
2
0
0
18
80
114
118
88
1c
0
0
0
0
0
0
0
0
0
0
0
0
0
0
0
0
0
0
0
0
0
0
0
0
0
0
0
0
0
0
0
0
0
0
0
0
0
0
0
0
20
8c
118
110
7c
18
0
0
0
2
a
18
34
52
5a
4a
2e
14
4
2
a
2e
8e
124
1ba
1ee
198
fc
70
22
6
0
0
0
0
0
0
0
0
0
0
0
0
0
0
0
0
0
0
0
0
0
0
0
0
8
2a
82
114
1ac
1ee
1aa
110
7e
28
6
2
6
14
30
4a
58
52
34
18
a
2
0
0
0
18
80
114
118
88
1c
0
0
0
0
0
0
0
0
0
0
0
0
0
0
0
0
0
0
0
0
0
0
0
0
0
0
0
0
0
0
0
0
0
0
0
0
0
0
0
0
20
8c
118
110
7c
18
0
0
0
0
2
6
16
34
50
5a
4c
30
14
6
2
6
28
7e
114
1ae
1ec
1a6
10a
7a
26
6
0
0
0
0
0
0
0
0
0
0
0
0
0
0
0
0
0
0
0
0
0
2
a
30
8e
126
1ba
1ec
19a
fe
72
22
6
2
a
18
32
4e
58
4e
34
16
6
2
0
0
0
0
18
80
114
118
88
1c
0
0
0
0
0
0
0
0
0
0
0
0
0
0
0
0
0
0
0
0
0
0
0
0
0
0
0
0
0
0
0
0
0
0
0
0
0
0
0
0
20
8c
118
110
7c
18
0
0
0
0
0
0
4
14
30
4c
5a
50
32
18
a
2
6
22
74
104
1a0
1ee
1b4
11c
86
2c
a
2
0
0
0
0
0
0
0
0
0
0
0
0
0
0
0
0
0
0
2
e
36
9a
136
1c6
1ea
188
ea
66
1e
4
2
a
1a
32
4e
58
4a
30
14
4
0
0
0
0
0
0
18
80
114
118
88
1c
0
0
0
0
0
0
0
0
0
0
0
0
0
0
0
0
0
0
0
0
0
0
0
0
0
0
0
0
0
0
0
0
0
0
0
0
0
0
0
0
20
8c
118
110
7c
18
0
0
0
0
0
0
0
4
14
2e
4a
5a
50
34
1a
a
2
4
1e
6a
f2
190
1ee
1c4
130
94
34
e
2
0
0
0
0
0
0
0
0
0
0
0
0
0
0
0
0
2
10
3e
a8
148
1d0
1e6
17a
d8
5a
1a
4
2
a
1c
36
4e
58
48
2c
14
4
0
0
0
0
0
0
0
18
80
114
118
88
1c
0
0
0
0
0
0
0
0
0
0
0
0
0
0
0
0
0
0
0
0
0
0
0
0
0
0
0
0
0
0
0
0
0
0
0
0
0
0
0
0
20
8c
118
110
7c
18
0
0
0
0
0
0
0
0
4
12
2a
46
5a
52
36
1c
a
2
4
1c
60
e0
182
1ea
1cc
13e
a0
3a
e
2
0
0
0
0
0
0
0
0
0
0
0
0
0
0
2
12
48
b8
15a
1dc
1e0
16a
ca
50
16
4
2
a
1c
3a
54
58
48
2a
10
4
0
0
0
0
0
0
0
0
18
80
114
118
88
1c
0
0
0
0
0
0
0
0
0
0
0
0
0
0
0
0
0
0
0
0
0
0
0
0
0
0
0
0
0
0
0
0
0
0
0
0
0
0
0
0
20
8c
118
110
7c
18
0
0
0
0
0
0
0
0
0
4
10
26
46
5a
52
34
16
6
0
4
18
54
d0
172
1e2
1d4
150
ae
40
10
2
0
0
0
0
0
0
0
0
0
0
0
0
4
16
52
cc
16a
1e2
1da
156
b8
48
12
2
0
6
18
36
54
58
42
26
e
2
0
0
0
0
0
0
0
0
0
18
80
114
118
88
1c
0
0
0
0
0
0
0
0
0
0
0
0
0
0
0
0
0
0
0
0
0
0
0
0
0
0
0
0
0
0
0
0
0
0
0
0
0
0
0
0
20
8c
118
110
7c
18
0
0
0
0
0
0
0
0
0
0
2
c
24
42
56
48
24
a
0
0
2
12
4a
c2
160
1dc
1e0
162
c2
54
26
1a
18
18
18
18
18
18
18
18
18
18
1a
2a
62
de
17e
1e6
1d0
146
a6
3e
10
2
0
0
a
26
48
56
42
22
c
2
0
0
0
0
0
0
0
0
0
0
18
80
114
118
88
1c
0
0
0
0
0
0
0
0
0
0
0
0
0
0
0
0
0
0
0
0
0
0
0
0
0
0
0
0
0
0
0
0
0
0
0
0
0
0
0
0
20
8c
118
110
7c
18
0
0
0
0
0
0
0
0
0
0
0
2
e
26
44
4a
2e
10
2
0
0
2
10
44
b0
14e
1d6
1e4
178
f4
a8
90
8c
8c
8c
8c
8c
8c
8c
8c
8c
8c
90
ae
108
192
1ec
1c4
136
9a
36
e
2
0
0
2
10
2e
48
44
26
c
2
0
0
0
0
0
0
0
0
0
0
0
18
80
114
118
88
1c
0
0
0
0
0
0
0
0
0
0
0
0
0
0
0
0
0
0
0
0
0
0
0
0
0
0
0
0
0
0
0
0
0
0
0
0
0
0
0
0
20
8c
118
110
7c
18
0
0
0
0
0
0
0
0
0
0
0
0
6
16
30
3c
28
e
2
0
0
0
2
10
3c
a0
13c
1c0
1d6
196
158
140
13c
13c
13c
13c
13c
13c
13c
13c
13c
13c
140
160
1a8
1e0
1b0
120
8c
2e
a
2
0
0
0
2
e
28
3c
32
16
4
0
0
0
0
0
0
0
0
0
0
0
0
18
80
114
118
88
1c
0
0
0
0
0
0
0
0
0
0
0
0
0
0
0
0
0
0
0
0
0
0
0
0
0
0
0
0
0
0
0
0
0
0
0
0
0
0
0
0
20
8c
118
110
7c
18
0
0
0
0
0
0
0
0
0
0
0
4
12
28
44
4a
2e
10
2
0
0
0
0
2
e
34
90
110
16a
17a
166
15a
158
158
158
158
158
158
158
158
158
158
15a
16c
180
160
f6
7a
28
6
0
0
0
0
0
2
10
2e
48
44
26
c
2
0
0
0
0
0
0
0
0
0
0
0
18
80
114
118
88
1c
0
0
0
0
0
0
0
0
0
0
0
0
0
0
0
0
0
0
0
0
0
0
0
0
0
0
0
0
0
0
0
0
0
0
0
0
0
0
0
0
20
8c
118
110
7c
18
0
0
0
0
0
0
0
0
0
2
8
16
2c
44
56
48
24
a
0
0
0
0
0
0
2
a
28
62
9e
bc
be
bc
bc
bc
bc
bc
bc
bc
bc
bc
bc
bc
bc
c0
ba
92
54
20
6
0
0
0
0
0
0
0
a
26
48
56
44
28
14
8
2
0
0
0
0
0
0
0
0
0
18
80
114
118
88
1c
0
0
0
0
0
0
0
0
0
0
0
0
0
0
0
0
0
0
0
0
0
0
0
0
0
0
0
0
0
0
0
0
0
0
0
0
0
0
0
0
20
8c
118
110
7c
18
0
0
0
0
0
0
0
2
6
10
22
38
4c
56
4e
32
16
6
0
0
0
0
0
0
0
0
4
10
22
2e
30
30
30
30
30
30
30
30
30
30
30
30
30
30
2c
1e
e
4
0
0
0
0
0
0
0
0
6
18
36
52
58
4a
36
22
10
6
2
0
0
0
0
0
0
0
18
80
114
118
88
1c
0
0
0
0
0
0
0
0
0
0
0
0
0
0
0
0
0
0
0
0
0
0
0
0
0
0
0
0
0
0
0
0
0
0
0
0
0
0
0
0
20
8c
118
110
7c
18
0
0
0
0
0
2
6
e
1c
32
48
54
56
4a
32
1a
a
2
0
0
0
0
0
0
0
0
0
0
2
4
4
4
4
4
4
4
4
4
4
4
4
4
4
4
4
2
0
0
0
0
0
0
0
0
0
0
2
a
1c
36
4c
54
52
46
30
1c
e
6
2
0
0
0
0
0
18
80
114
118
88
1c
0
0
0
0
0
0
0
0
0
0
0
0
0
0
0
0
0
0
0
0
0
0
0
0
0
0
0
0
0
0
0
0
0
0
0
0
0
0
0
0
20
8c
118
110
7c
18
0
0
0
0
2
a
18
2a
40
54
58
4c
3c
28
14
8
2
0
0
0
0
0
0
0
0
0
0
0
0
0
0
0
0
0
0
0
0
0
0
0
0
0
0
0
0
0
0
0
0
0
0
0
0
0
0
0
0
2
8
16
2a
3c
4e
56
50
40
2a
18
a
2
0
0
0
0
18
80
114
118
88
1c
0
0
0
0
0
0
0
0
0
0
0
0
0
0
0
0
0
0
0
0
0
0
0
0
0
0
0
0
0
0
0
0
0
0
0
0
0
0
0
0
20
8c
118
110
7c
18
0
0
2
8
14
26
3c
4e
58
54
40
2a
1a
c
2
0
0
0
0
0
0
0
0
0
0
0
0
0
0
0
0
0
0
0
0
0
0
0
0
0
0
0
0
0
0
0
0
0
0
0
0
0
0
0
0
0
0
0
0
4
e
1a
2e
42
50
54
4a
3a
26
14
8
2
0
0
18
80
114
118
88
1c
0
0
0
0
0
0
0
0
0
0
0
0
0
0
0
0
0
0
0
0
0
0
0
0
0
0
0
0
0
0
0
0
0
0
0
0
0
0
0
0
20
8c
118
110
7c
18
2
6
10
22
36
4a
58
56
48
32
1c
e
6
2
0
0
0
0
0
0
0
0
0
0
0
0
0
0
0
0
0
0
0
0
0
0
0
0
0
0
0
0
0
0
0
0
0
0
0
0
0
0
0
0
0
0
0
0
0
0
2
6
10
20
34
48
54
56
4a
36
22
10
6
2
18
80
114
118
88
1c
0
0
0
0
0
0
0
0
0
0
0
0
0
0
0
0
0
0
0
0
0
0
0
0
0
0
0
0
0
0
0
0
0
0
0
0
0
0
0
0
20
8c
118
110
7c
1c
e
1c
30
46
52
54
4a
36
22
10
6
2
0
0
0
0
0
0
0
0
0
0
0
0
0
0
0
0
0
0
0
0
0
0
0
0
0
0
0
0
0
0
0
0
0
0
0
0
0
0
0
0
0
0
0
0
0
0
0
0
0
0
2
8
14
26
38
4a
54
52
46
30
1c
e
1c
80
114
118
88
1c
0
0
0
0
0
0
0
0
0
0
0
0
0
0
0
0
0
0
0
0
0
0
0
0
0
0
0
0
0
0
0
0
0
0
0
0
0
0
0
0
20
8c
118
114
86
30
2c
40
50
56
4e
3c
28
16
a
2
0
0
0
0
0
0
0
0
0
0
0
0
0
0
0
0
0
0
0
0
0
0
0
0
0
0
0
0
0
0
0
0
0
0
0
0
0
0
0
0
0
0
0
0
0
0
0
0
0
0
0
0
0
0
2
a
16
28
3c
4e
56
50
40
2c
30
88
116
118
88
1c
0
0
0
0
0
0
0
0
0
0
0
0
0
0
0
0
0
0
0
0
0
0
0
0
0
0
0
0
0
0
0
0
0
0
0
0
0
0
0
0
20
8e
11e
124
a2
52
4c
54
50
42
2e
1a
e
6
2
0
0
0
0
0
0
0
0
0
0
0
0
0
0
0
0
0
0
0
0
0
0
0
0
0
0
0
0
0
0
0
0
0
0
0
0
0
0
0
0
0
0
0
0
0
0
0
0
0
0
0
0
0
0
0
0
2
6
e
1a
2e
42
50
54
4c
54
a4
124
11c
88
1c
0
0
0
0
0
0
0
0
0
0
0
0
0
0
0
0
0
0
0
0
0
0
0
0
0
0
0
0
0
0
0
0
0
0
0
0
0
0
0
0
20
94
130
142
c6
6c
54
48
34
20
10
6
2
0
0
0
0
0
0
0
0
0
0
0
0
0
0
0
0
0
0
0
0
0
0
0
0
0
0
0
0
0
0
0
0
0
0
0
0
0
0
0
0
0
0
0
0
0
0
0
0
0
0
0
0
0
0
0
0
0
0
0
0
2
6
10
20
34
48
54
6e
ca
146
12e
8c
1c
0
0
0
0
0
0
0
0
0
0
0
0
0
0
0
0
0
0
0
0
0
0
0
0
0
0
0
0
0
0
0
0
0
0
0
0
0
0
0
0
20
9c
148
160
d6
62
38
26
14
8
2
0
0
0
0
0
0
0
0
0
0
0
0
0
0
0
0
0
0
0
0
0
0
0
0
0
0
0
0
0
0
0
0
0
0
0
0
0
0
0
0
0
0
0
0
0
0
0
0
0
0
0
0
0
0
0
0
0
0
0
0
0
0
0
0
2
8
14
26
3a
64
d8
164
148
98
1e
0
0
0
0
0
0
0
0
0
0
0
0
0
0
0
0
0
0
0
0
0
0
0
0
0
0
0
0
0
0
0
0
0
0
0
0
0
0
0
0
20
a2
158
166
c2
40
16
a
2
0
0
0
0
0
0
0
0
0
0
0
0
0
0
0
0
0
0
0
0
0
0
0
0
0
0
0
0
0
0
0
0
0
0
0
0
0
0
0
0
0
0
0
0
0
0
0
0
0
0
0
0
0
0
0
0
0
0
0
0
0
0
0
0
0
0
0
0
2
a
18
44
c8
168
154
a0
20
0
0
0
0
0
0
0
0
0
0
0
0
0
0
0
0
0
0
0
0
0
0
0
0
0
0
0
0
0
0
0
0
0
0
0
0
0
0
0
0
20
a6
15c
15a
a8
28
6
2
0
0
0
0
0
0
0
0
2
6
c
12
14
14
12
c
6
2
0
0
0
0
0
0
0
0
0
0
0
0
0
0
0
0
0
0
0
0
0
0
0
0
0
0
0
0
0
0
0
0
0
0
2
6
c
12
14
14
12
c
6
2
0
0
0
0
0
0
0
0
2
6
2a
b0
15c
152
a0
20
0
0
0
0
0
0
0
0
0
0
0
0
0
0
0
0
0
0
0
0
0
0
0
0
0
0
0
0
0
0
0
0
0
0
0
0
0
0
0
0
20
a6
158
152
9e
1e
0
0
0
0
0
0
0
0
0
4
14
30
54
70
76
76
70
54
30
14
4
0
0
0
0
0
0
0
0
0
0
0
0
0
0
0
0
0
0
0
0
0
0
0
0
0
0
0
0
0
0
0
0
4
14
30
54
70
76
76
6e
52
30
14
4
0
0
0
0
0
0
0
0
0
20
a4
154
150
a0
20
0
0
0
0
0
0
0
0
0
0
0
0
0
0
0
0
0
0
0
0
0
0
0
0
0
0
0
0
0
0
0
0
0
0
0
0
0
0
0
0
20
a6
15a
154
9c
1c
0
0
0
0
0
0
0
0
6
22
60
b4
102
12a
124
124
12a
102
b4
60
22
6
0
0
0
0
0
0
0
0
0
0
0
0
0
0
0
0
0
0
0
0
0
0
0
0
0
0
0
0
0
0
6
22
62
b8
106
12e
126
128
12a
100
b2
5e
22
6
0
0
0
0
0
0
0
0
20
a4
154
150
a0
20
0
0
0
0
0
0
0
0
0
0
0
0
0
0
0
0
0
0
0
0
0
0
0
0
0
0
0
0
0
0
0
0
0
0
0
0
0
0
0
0
20
a4
158
154
9c
1c
0
0
0
0
0
0
0
4
24
7c
102
17c
1b4
1a6
174
174
1a6
1b4
17a
fe
78
22
4
0
0
0
0
0
0
0
0
0
0
0
0
0
0
0
0
0
0
0
0
0
0
0
0
0
0
0
0
4
24
7c
106
180
1b4
1a6
172
178
1a6
1b2
178
fc
78
22
4
0
0
0
0
0
0
0
20
a4
154
150
a0
20
0
0
0
0
0
0
0
0
0
0
0
0
0
0
0
0
0
0
0
0
0
0
0
0
0
0
0
0
0
0
0
0
0
0
0
0
0
0
0
0
20
a4
158
154
9c
1c
0
0
0
0
0
0
2
16
6a
10c
1ac
1e4
1ac
14c
fe
fe
14c
1ae
1e4
1a8
106
66
16
2
0
0
0
0
0
0
0
0
0
0
0
0
0
0
0
0
0
0
0
0
0
0
0
0
0
0
2
18
6e
110
1b0
1e2
1a6
148
fa
100
14e
1ae
1e4
1a8
106
66
16
2
0
0
0
0
0
0
20
a4
154
150
a0
20
0
0
0
0
0
0
0
0
0
0
0
0
0
0
0
0
0
0
0
0
0
0
0
0
0
0
0
0
0
0
0
0
0
0
0
0
0
0
0
0
20
a6
15a
154
9c
1c
0
0
0
0
0
0
8
3a
cc
190
1e6
192
fe
90
58
58
90
102
198
1e6
188
c4
36
6
0
0
0
0
0
0
0
0
0
0
0
0
0
0
0
0
0
0
0
0
0
0
0
0
0
0
8
3e
d4
196
1e8
190
fc
90
58
5a
94
104
198
1e8
18c
c8
3a
8
0
0
0
0
0
0
20
a4
154
150
a0
20
0
0
0
0
0
0
0
0
0
0
0
0
0
0
0
0
0
0
0
0
0
0
0
0
0
0
0
0
0
0
0
0
0
0
0
0
0
0
0
2
26
b0
162
156
9c
1c
0
0
0
0
0
0
10
66
126
1ca
1a4
f4
64
22
c
c
22
66
fc
1a8
1c0
11a
5e
c
0
0
0
0
0
0
0
0
0
0
0
0
0
0
0
0
0
0
0
0
0
0
0
0
0
0
10
6a
12c
1ca
1a0
f0
62
22
c
c
22
66
fa
1a8
1c6
120
64
10
0
0
0
0
0
0
20
a4
158
158
a6
22
0
0
0
0
0
0
0
0
0
0
0
0
0
0
0
0
0
0
0
0
0
0
0
0
0
0
0
0
0
0
0
0
0
0
0
0
0
0
0
6
3a
d8
186
162
9c
1c
0
0
0
0
0
0
16
88
156
1b8
138
7e
1e
4
0
0
4
1e
86
142
1b6
14e
82
14
0
0
0
0
0
0
0
0
0
0
0
0
0
0
0
0
0
0
0
0
0
0
0
0
0
0
18
8e
15a
1b4
130
78
1c
4
0
0
4
1e
82
13c
1b6
150
84
16
0
0
0
0
0
0
20
a6
16a
184
d4
38
4
0
0
0
0
0
0
0
0
0
0
0
0
0
0
0
0
0
0
0
0
0
0
0
0
0
0
0
0
0
0
0
0
0
0
0
0
0
0
14
7c
14e
1de
172
92
18
0
0
0
0
0
0
1c
9c
160
18a
e4
42
8
0
0
0
0
8
48
ee
18e
15a
94
1a
0
0
0
0
0
0
0
0
0
0
0
0
0
0
0
0
0
0
0
0
0
0
0
0
0
0
1e
a0
162
188
e0
40
8
0
0
0
0
8
44
e6
18a
15c
96
1a
0
0
0
0
0
0
1a
9a
17a
1de
14a
7a
14
0
0
0
0
0
0
0
0
0
0
0
0
0
0
0
0
0
0
0
0
0
0
0
0
0
0
0
0
0
0
0
0
0
0
0
0
0
6
42
104
204
22e
14a
64
c
0
0
0
0
0
0
20
a2
15a
168
b8
2a
2
0
0
0
0
4
30
c0
16c
154
98
1c
0
0
0
0
0
0
0
0
0
0
0
0
0
0
0
0
0
0
0
0
0
0
0
0
0
0
22
a8
160
168
b4
28
2
0
0
0
0
4
2e
ba
168
158
9c
1c
0
0
0
0
0
0
c
6a
152
230
1fc
fa
40
6
0
0
0
0
0
0
0
0
0
0
0
0
0
0
0
0
0
0
0
0
0
0
0
0
0
0
0
0
0
0
0
0
0
0
0
2
1c
9e
1c0
2a8
21a
c6
52
12
0
0
0
0
0
0
20
a0
154
15a
a8
22
0
0
0
0
0
2
28
b0
15e
152
9a
1c
0
0
0
0
0
0
0
0
0
0
0
0
0
0
0
0
0
0
0
0
0
0
0
0
0
0
24
aa
15a
154
a0
20
0
0
0
0
0
2
28
ac
158
152
9c
1c
0
0
0
0
0
0
16
56
d2
226
2aa
1b8
98
1a
2
0
0
0
0
0
0
0
0
0
0
0
0
0
0
0
0
0
0
0
0
0
0
0
0
0
0
0
0
0
0
0
0
0
0
8
4c
132
290
2f4
192
d4
7c
1a
0
0
0
0
0
0
20
a0
154
156
a2
20
0
0
0
0
0
0
24
aa
158
152
9c
1c
0
0
0
0
0
0
0
0
0
0
0
0
0
0
0
0
0
0
0
0
0
0
0
0
0
0
24
a8
154
14c
9c
20
0
0
0
0
0
0
24
a8
154
150
9c
1c
0
0
0
0
0
0
1c
7e
d4
1a0
2fc
28c
12a
48
8
0
0
0
0
0
0
0
0
0
0
0
0
0
0
0
0
0
0
0
0
0
0
0
0
0
0
0
0
0
0
0
0
0
2
1e
ae
1fa
332
2bc
c4
104
8a
1c
0
0
0
0
0
0
20
a0
154
154
a0
20
0
0
0
0
0
0
24
a8
154
150
9c
1c
0
0
0
0
0
0
0
0
0
0
0
0
0
0
0
0
0
0
0
0
0
0
0
0
0
0
24
a8
154
14c
9c
20
0
0
0
0
0
0
24
a8
154
150
9c
1c
0
0
0
0
0
0
1e
90
10a
d2
2ca
332
1f0
a6
1c
2
0
0
0
0
0
0
0
0
0
0
0
0
0
0
0
0
0
0
0
0
0
0
0
0
0
0
0
0
0
0
0
0
a
56
14c
2c8
36a
21a
e0
120
8e
1c
0
0
0
0
0
0
20
a0
154
154
a0
20
0
0
0
0
0
0
24
a8
154
150
9c
1c
0
0
0
0
0
0
0
0
0
0
0
0
0
0
0
0
0
0
0
0
0
0
0
0
0
0
24
a8
154
14c
9c
20
0
0
0
0
0
0
24
a8
154
150
9c
1c
0
0
0
0
0
0
20
96
126
dc
22c
370
2c2
144
52
a
0
0
0
0
0
0
0
0
0
0
0
0
0
0
0
0
0
0
0
0
0
0
0
0
0
0
0
0
0
0
0
2
24
c0
214
35e
326
14c
112
130
90
1c
0
0
0
0
0
0
20
a0
154
154
a0
20
0
0
0
0
0
0
24
aa
156
150
9c
1c
0
0
0
0
0
0
0
0
0
0
0
0
0
0
0
0
0
0
0
0
0
0
0
0
0
0
24
a8
154
14c
9c
20
0
0
0
0
0
0
24
a8
154
150
9c
1c
0
0
0
0
0
0
20
96
132
10a
15a
32e
35e
210
ba
22
2
0
0
0
0
0
0
0
0
0
0
0
0
0
0
0
0
0
0
0
0
0
0
0
0
0
0
0
0
0
0
c
62
166
2e2
38a
27c
88
12a
134
90
1c
0
0
0
0
0
0
20
a0
156
158
a2
20
0
0
0
0
0
2
28
ae
158
150
9c
1c
0
0
0
0
0
0
0
0
0
0
0
0
0
0
0
0
0
0
0
0
0
0
0
0
0
0
24
aa
158
150
9e
20
0
0
0
0
0
0
24
aa
158
152
9c
1c
0
0
0
0
0
0
20
98
138
126
96
286
38a
2dc
15e
5e
c
0
0
0
0
0
0
0
0
0
0
0
0
0
0
0
0
0
0
0
0
0
0
0
0
0
0
0
0
0
2
28
d2
234
36e
332
1a8
72
136
138
94
1e
0
0
0
0
0
0
20
a0
15a
166
b0
26
2
0
0
0
0
4
2e
b8
162
154
9c
1c
0
0
0
0
0
0
0
0
0
0
0
0
0
0
0
0
0
0
0
0
0
0
0
0
0
0
22
aa
160
160
ac
26
2
0
0
0
0
2
2a
b6
164
156
9c
1c
0
0
0
0
0
0
20
9a
13a
132
6c
1b2
336
36a
22c
ce
28
2
0
0
0
0
0
0
0
0
0
0
0
0
0
0
0
0
0
0
0
0
0
0
0
0
0
0
0
0
e
6c
17e
2fa
382
27a
ec
8c
146
154
b6
34
8
2
0
0
0
0
1e
9e
160
182
d4
38
6
0
0
0
0
6
3c
d8
17e
15a
98
1a
0
0
0
0
0
0
0
0
0
0
0
0
0
0
0
0
0
0
0
0
0
0
0
0
0
0
1e
a2
164
17c
cc
36
6
0
0
0
0
6
3c
d8
180
15c
98
1a
0
0
0
0
2
a
38
be
156
13e
82
f4
284
386
2f4
178
68
c
0
0
0
0
0
0
0
0
0
0
0
0
0
0
0
0
0
0
0
0
0
0
0
0
0
0
0
4
30
e6
250
37a
31e
1aa
6e
8e
150
192
11c
8c
38
14
4
0
0
0
18
90
15e
1ac
11a
66
14
2
0
0
2
14
6a
120
1a8
154
8a
16
0
0
0
0
0
0
0
0
0
0
0
0
0
0
0
0
0
0
0
0
0
0
0
0
0
0
1a
92
15e
1a6
10e
5e
12
2
0
0
2
14
6a
11e
1aa
158
8a
16
0
0
0
4
14
3c
94
126
194
14a
8a
74
1b2
324
378
24c
e2
2e
4
0
0
0
0
0
0
0
0
0
0
0
0
0
0
0
0
0
0
0
0
0
0
0
0
0
0
12
7a
19a
312
380
262
f2
2a
72
128
1b0
1a0
134
be
62
28
c
2
0
10
70
13a
1ca
184
ca
44
12
4
4
12
44
cc
188
1c6
132
6e
10
0
0
0
0
0
0
0
0
0
0
0
0
0
0
0
0
0
0
0
0
0
0
0
0
0
0
14
78
140
1ca
17a
be
40
10
2
4
12
46
ce
186
1c8
136
6e
10
0
2
c
28
62
c2
13a
1a0
1aa
122
6e
2c
f6
266
380
30e
194
76
10
0
0
0
0
0
0
0
0
0
0
0
0
0
0
0
0
0
0
0
0
0
0
0
0
0
4
36
fa
26c
380
308
18e
72
e
40
bc
150
1ae
1b4
170
104
98
48
1a
8
a
46
ea
1aa
1de
164
c2
5c
2e
2e
5c
c2
164
1de
1a8
e6
44
8
0
0
0
0
0
0
0
0
0
0
0
0
0
0
0
0
0
0
0
0
0
0
0
0
0
0
a
4e
f6
1b2
1da
158
bc
5a
2c
30
5e
c6
168
1de
1aa
e8
44
a
8
1a
4a
9c
108
176
1b6
1a8
14a
b6
3a
e
76
194
30e
380
266
f6
34
4
0
0
0
0
0
0
0
0
0
0
0
0
0
0
0
0
0
0
0
0
0
0
0
0
14
86
1b4
326
372
244
de
2c
4
14
4a
a4
118
182
1b6
1a0
14a
d8
72
32
14
24
84
136
1d0
1de
17c
10a
bc
bc
10a
17c
1de
1d0
136
80
1c
2
0
0
0
0
0
0
0
0
0
0
0
0
0
0
0
0
0
0
0
0
0
0
0
0
0
0
2
22
8e
142
1d4
1da
176
106
ba
be
10c
180
1e0
1cc
134
80
20
14
34
76
de
150
1a2
1b8
180
114
a2
46
12
4
2e
e2
24c
378
322
1b0
84
12
0
0
0
0
0
0
0
0
0
0
0
0
0
0
0
0
0
0
0
0
0
0
0
4
3e
112
28a
38a
2f2
176
68
c
0
2
10
30
70
d4
146
19e
1b8
186
11c
ac
56
2c
3e
a2
13e
1b6
1d2
1a8
16a
16a
1a8
1d2
1b6
13e
a0
32
8
0
0
0
0
0
0
0
0
0
0
0
0
0
0
0
0
0
0
0
0
0
0
0
0
0
0
0
0
a
3a
aa
146
1ba
1d0
1a4
168
16c
1aa
1d2
1b2
138
a0
3c
2c
5a
b2
122
18a
1ba
19a
142
d0
6c
2e
e
2
0
c
68
178
2f6
386
282
10c
3a
4
0
0
0
0
0
0
0
0
0
0
0
0
0
0
0
0
0
0
0
0
0
2
18
96
1d2
33a
36a
228
ca
26
2
0
0
2
8
1a
44
94
100
16c
1b2
1ac
160
f0
88
4c
4c
90
fa
150
170
160
160
170
150
fa
8c
36
e
2
0
0
0
0
0
0
0
0
0
0
0
0
0
0
0
0
0
0
0
0
0
0
0
0
0
0
0
0
2
10
3a
92
100
152
170
160
162
170
14c
f6
8e
4c
4e
8e
f8
166
1ae
1b2
16a
fa
90
42
18
8
2
0
0
2
28
ce
22e
36e
338
1cc
90
16
2
0
0
0
0
0
0
0
0
0
0
0
0
0
0
0
0
0
0
0
0
8
46
126
2a4
38c
2d8
158
5a
a
0
0
0
0
0
2
a
26
60
ba
12c
190
1ba
196
136
c8
72
4e
5c
84
a6
aa
aa
a6
82
50
24
a
2
0
0
0
0
0
0
0
0
0
0
0
0
0
0
0
0
0
0
0
0
0
0
0
0
0
0
0
0
0
0
2
a
26
54
84
a6
aa
aa
a4
82
5c
50
76
ce
13e
19c
1b8
18a
128
b4
5a
24
a
2
0
0
0
0
0
c
5e
15e
2de
38c
29e
11e
42
8
0
0
0
0
0
0
0
0
0
0
0
0
0
0
0
0
0
0
0
2
1c
a4
1ec
34c
35e
20a
b6
22
2
0
0
0
0
0
0
0
4
14
38
7e
e8
15a
1a8
1b4
178
10c
a2
58
32
2a
28
26
22
16
c
4
0
0
0
0
0
0
0
0
0
0
0
0
0
0
0
0
0
0
0
0
0
0
0
0
0
0
0
0
0
0
0
0
0
0
4
c
16
22
26
28
2a
32
5a
aa
116
17e
1b8
1a6
150
e0
7a
34
12
4
0
0
0
0
0
0
0
2
22
ba
210
360
348
1e2
9e
1c
2
0
0
0
0
0
0
0
0
0
0
0
0
0
0
0
0
0
0
a
50
140
2c0
38c
2c0
140
50
a
0
0
0
0
0
0
0
0
0
2
8
1c
4e
a6
114
17c
1b8
1a4
14e
e0
7a
36
16
6
2
0
0
0
0
0
0
0
0
0
0
0
0
0
0
0
0
0
0
0
0
0
0
0
0
0
0
0
0
0
0
0
0
0
0
0
0
0
0
0
0
2
6
18
3a
7e
e8
15a
1aa
1b4
176
10c
9e
4c
1c
8
2
0
0
0
0
0
0
0
0
0
a
54
148
2ca
390
2b6
136
4c
8
0
0
0
0
0
0
0
0
0
0
0
0
0
0
0
0
0
2
22
b6
20a
35c
34a
1ee
a6
1c
2
0
0
0
0
0
0
0
0
0
0
0
2
c
2c
6c
cc
140
19c
1b6
18a
128
b4
5a
24
a
2
0
0
0
0
0
0
0
0
0
0
0
0
0
0
0
0
0
0
0
0
0
0
0
0
0
0
0
0
0
0
0
0
0
0
0
0
0
0
2
a
26
60
ba
12c
190
1ba
196
134
c4
68
2a
c
2
0
0
0
0
0
0
0
0
0
0
0
2
1e
aa
1f8
354
356
200
b0
1e
2
0
0
0
0
0
0
0
0
0
0
0
0
0
0
0
0
8
50
13e
2b0
35e
276
fa
40
30
2c
2c
2c
28
1a
a
2
0
0
0
0
0
0
0
4
16
40
8e
fa
166
1ae
1b2
16a
fa
8e
40
16
4
0
0
0
0
0
0
0
0
0
0
0
0
0
0
0
0
0
0
0
0
0
0
0
0
0
0
0
0
0
0
0
0
0
0
0
2
8
1a
44
94
102
16e
1b2
1ac
160
f0
86
3e
16
4
0
0
0
0
0
0
0
2
a
1a
28
2c
2c
2c
30
40
100
282
35e
2a8
138
4c
8
0
0
0
0
0
0
0
0
0
0
0
0
0
0
0
0
10
78
17a
278
238
186
126
108
106
104
102
fc
e2
98
3e
c
0
0
0
0
0
0
0
0
2
a
24
5a
b2
122
188
1b8
19c
140
cc
6c
2c
c
2
0
0
0
0
0
0
0
0
0
0
0
0
0
0
0
0
0
0
0
0
0
0
0
0
0
0
0
0
0
0
0
0
4
12
32
72
d4
148
1a2
1b8
184
11c
ac
56
22
a
2
0
0
0
0
0
0
0
2
10
40
98
e4
fe
102
104
106
108
12a
18c
23e
276
174
72
e
0
0
0
0
0
0
0
0
0
0
0
0
0
0
0
0
10
70
156
256
2ba
28e
25a
24e
250
252
258
256
21c
170
9c
22
2
0
0
0
0
0
0
0
0
0
4
12
34
78
de
14e
1a4
1b8
17c
114
a6
4e
1c
8
2
0
0
0
0
0
0
0
0
0
0
0
0
0
0
0
0
0
0
0
0
0
0
0
0
0
0
0
0
2
8
20
54
aa
11a
182
1ba
1a0
146
d6
72
32
12
4
0
0
0
0
0
0
0
0
0
4
24
9c
174
224
258
256
252
250
24e
25e
292
2b8
252
152
6c
e
0
0
0
0
0
0
0
0
0
0
0
0
0
0
0
0
10
6e
146
230
2a0
2a4
294
290
290
294
2ae
2d4
2a8
1d0
c0
28
2
0
0
0
0
0
0
0
0
0
0
2
8
1c
4c
9e
10c
178
1b4
1a8
15a
e6
78
30
e
2
0
0
0
0
0
0
0
0
0
0
0
0
0
0
0
0
0
0
0
0
0
0
0
0
0
0
2
10
34
80
ee
160
1ac
1b2
170
100
96
48
1a
8
2
0
0
0
0
0
0
0
0
0
0
4
2a
c6
1de
2b2
2d4
2ac
294
290
290
298
2a6
29c
22c
140
68
e
0
0
0
0
0
0
0
0
0
0
0
0
0
0
0
0
8
3a
ae
12a
16c
178
174
174
174
180
1b8
214
216
1c6
c8
2a
2
0
0
0
0
0
0
0
0
0
0
0
0
2
c
2a
68
c6
136
196
1bc
190
120
a0
40
10
2
0
0
0
0
0
0
0
0
0
0
0
0
0
0
0
0
0
0
0
0
0
0
0
0
2
12
46
a8
12a
196
1bc
192
12e
bc
60
28
c
2
0
0
0
0
0
0
0
0
0
0
0
0
4
2c
cc
1ca
21c
214
1b6
17e
174
174
176
176
166
126
aa
38
8
0
0
0
0
0
0
0
0
0
0
0
0
0
0
0
0
2
10
30
50
64
6a
68
68
6a
8a
160
2cc
30e
1e8
a8
1a
0
0
0
0
0
0
0
0
0
0
0
0
0
0
0
4
16
3e
86
f0
166
1b8
1b0
148
b4
40
e
2
0
0
0
0
0
0
0
0
0
0
0
0
0
0
0
0
0
0
0
0
0
0
2
12
4a
be
150
1b4
1b2
15e
ea
7e
38
14
4
0
0
0
0
0
0
0
0
0
0
0
0
0
0
2
20
b4
1f8
312
2be
14c
88
6c
68
68
68
62
50
30
10
2
0
0
0
0
0
0
0
0
0
0
0
0
0
0
0
0
0
2
6
8
a
c
c
e
3a
116
290
380
2d8
15c
5c
a
0
0
0
0
0
0
0
0
0
0
0
0
0
0
0
0
2
a
22
56
b4
138
1aa
1bc
14c
a4
32
8
0
0
0
0
0
0
0
0
0
0
0
0
0
0
0
0
0
0
0
0
0
0
a
3c
b4
158
1c0
1a4
12c
ae
52
1c
8
2
0
0
0
0
0
0
0
0
0
0
0
0
0
0
0
0
c
64
16e
2e8
37c
27a
104
32
c
c
c
a
8
6
2
0
0
0
0
0
0
0
0
0
0
0
0
0
0
0
0
0
0
0
0
0
0
0
2
1c
a2
1e6
346
360
214
be
24
2
0
0
0
0
0
0
0
0
0
0
0
0
0
0
0
0
0
0
4
12
38
92
122
1a8
1b0
122
7a
1c
2
0
0
0
0
0
0
0
0
0
0
0
0
0
0
0
0
0
0
0
0
2
20
88
136
1ba
1a2
116
8a
36
10
2
0
0
0
0
0
0
0
0
0
0
0
0
0
0
0
0
0
0
2
26
cc
22a
36a
336
1ce
96
18
2
0
0
0
0
0
0
0
0
0
0
0
0
0
0
0
0
0
0
0
0
0
0
0
0
0
0
0
0
a
50
13c
2ba
38c
2c6
148
54
a
0
0
0
0
0
0
0
0
0
0
0
0
0
0
0
0
0
0
0
0
2
a
2e
90
134
1b2
188
dc
46
a
0
0
0
0
0
0
0
0
0
0
0
0
0
0
0
0
0
0
0
0
a
4c
ec
196
1ac
122
84
2a
a
2
0
0
0
0
0
0
0
0
0
0
0
0
0
0
0
0
0
0
0
0
a
5c
15c
2da
388
29e
124
46
8
0
0
0
0
0
0
0
0
0
0
0
0
0
0
0
0
0
0
0
0
0
0
0
0
0
0
0
2
22
b6
206
35a
350
1f4
aa
1e
2
0
0
0
0
0
0
0
0
0
0
0
0
0
0
0
0
0
0
0
0
0
0
a
38
b6
166
1b0
138
7e
1a
2
0
0
0
0
0
0
0
0
0
0
0
0
0
0
0
0
0
0
2
1c
88
144
1ae
154
a4
2e
6
0
0
0
0
0
0
0
0
0
0
0
0
0
0
0
0
0
0
0
0
0
0
2
22
ba
20e
35c
346
1e6
a2
1c
2
0
0
0
0
0
0
0
0
0
0
0
0
0
0
0
0
0
0
0
0
0
0
0
0
0
0
a
5a
158
2d6
38c
2a8
12a
48
8
0
0
0
0
0
0
0
0
0
0
0
0
0
0
0
0
0
0
0
0
0
0
0
2
12
5c
fe
196
174
bc
32
6
0
0
0
0
0
0
0
0
0
0
0
0
0
0
0
0
0
0
6
38
ca
17c
18e
f0
52
c
0
0
0
0
0
0
0
0
0
0
0
0
0
0
0
0
0
0
0
0
0
0
0
0
a
54
146
2c4
38c
2ba
13c
50
a
0
0
0
0
0
0
0
0
0
0
0
0
0
0
0
0
0
0
0
0
0
0
0
0
0
2
26
ca
228
368
33a
1d4
98
1a
2
0
0
0
0
0
0
0
0
0
0
0
0
0
0
0
0
0
0
0
0
0
0
0
0
4
2a
a8
15c
18a
f4
50
c
0
0
0
0
0
0
0
0
0
0
0
0
0
0
0
0
0
0
c
58
102
18c
150
9e
26
2
0
0
0
0
0
0
0
0
0
0
0
0
0
0
0
0
0
0
0
0
0
0
0
0
2
1e
aa
1f4
350
358
202
b2
20
2
0
0
0
0
0
0
0
0
0
0
0
0
0
0
0
0
0
0
0
0
0
0
0
0
a
5c
15a
2c8
358
25a
e4
3e
30
30
30
30
30
30
30
30
30
30
30
30
30
30
30
2e
2a
24
18
c
4
0
0
0
0
0
0
12
6e
11e
182
118
6a
12
0
0
0
0
0
0
0
0
0
0
0
0
0
0
0
0
0
0
12
70
122
17e
110
68
12
0
0
0
0
0
0
4
e
1a
24
2a
2e
30
30
30
30
30
30
30
30
30
30
30
30
30
30
32
40
fc
27c
35e
2a8
136
4c
8
0
0
0
0
0
0
0
0
0
0
0
0
0
0
0
0
0
0
0
0
0
0
0
0
12
82
18c
27a
21c
184
12c
10e
108
108
108
108
108
108
108
108
108
108
108
108
108
108
10a
108
fa
de
ac
70
3a
16
6
0
0
0
0
a
4c
ea
16c
12a
7c
16
0
0
0
0
0
0
0
0
0
0
0
0
0
0
0
0
0
0
16
80
134
16c
e0
48
a
0
0
0
2
8
18
3c
72
ae
de
fa
108
10a
108
108
108
108
108
108
108
108
108
108
108
108
108
108
10c
130
190
238
274
172
72
e
0
0
0
0
0
0
0
0
0
0
0
0
0
0
0
0
0
0
0
0
0
0
0
0
12
7a
16c
26a
2c0
292
266
25a
258
258
258
258
258
258
258
258
258
258
258
258
258
258
25c
264
262
248
206
198
110
94
3e
12
4
0
0
6
38
c8
15a
132
86
18
0
0
0
0
0
0
0
0
0
0
0
0
0
0
0
0
0
0
1a
8e
140
15c
be
34
6
0
0
4
14
40
98
114
198
206
248
262
264
25c
258
258
258
258
258
258
258
258
258
258
258
258
258
258
25a
268
298
2c2
256
150
6c
e
0
0
0
0
0
0
0
0
0
0
0
0
0
0
0
0
0
0
0
0
0
0
0
0
12
74
150
23a
2a0
2a0
296
294
294
294
294
294
294
294
294
294
294
294
294
294
294
296
29e
2ba
2e8
318
334
310
292
1d0
104
6e
20
4
0
4
2c
b2
14e
138
8e
1a
0
0
0
0
0
0
0
0
0
0
0
0
0
0
0
0
0
0
1e
9a
146
14c
a6
26
2
0
6
24
72
10a
1d8
296
30e
332
31a
2e8
2b8
29e
296
294
294
294
294
294
294
294
294
294
294
294
294
294
294
296
2a4
29e
226
13a
68
e
0
0
0
0
0
0
0
0
0
0
0
0
0
0
0
0
0
0
0
0
0
0
0
0
a
3e
ae
126
162
16c
16c
16c
16c
16c
16c
16c
16c
16c
16c
16c
16c
16c
16c
16c
16c
170
17c
19e
1e0
244
2ca
34e
38a
33e
268
160
90
24
4
2
24
a2
144
13c
94
1c
0
0
0
0
0
0
0
0
0
0
0
0
0
0
0
0
0
0
22
a0
142
13e
98
1e
0
6
2a
96
166
272
344
386
348
2c8
246
1de
19a
17c
170
16c
16c
16c
16c
16c
16c
16c
16c
16c
16c
16c
16c
16c
16c
16c
16e
15e
11a
a4
38
8
0
0
0
0
0
0
0
0
0
0
0
0
0
0
0
0
0
0
0
0
0
0
0
0
2
10
2e
4c
5c
60
60
60
60
60
60
60
60
60
60
60
60
60
60
60
60
62
6a
7c
a0
e2
154
20a
2e6
38e
38c
2b8
184
90
20
4
20
9a
13c
13a
94
1c
0
0
0
0
0
0
0
0
0
0
0
0
0
0
0
0
0
0
24
a0
13c
136
90
1a
4
24
98
18c
2c2
392
388
2da
204
152
e0
9e
7a
6a
62
60
60
60
60
60
60
60
60
60
60
60
60
60
60
60
60
5a
4a
2e
10
2
0
0
0
0
0
0
0
0
0
0
0
0
0
0
0
0
0
0
0
0
0
0
0
0
0
2
6
8
8
8
8
8
8
8
8
8
8
8
8
8
8
8
8
8
8
8
a
e
16
2a
54
b6
170
27e
376
3a0
2ba
160
6e
14
1c
96
138
138
94
1c
0
0
0
0
0
0
0
0
0
0
0
0
0
0
0
0
0
0
24
9e
138
132
8c
18
16
7a
174
2ca
3a6
36e
270
168
b4
52
28
16
e
a
8
8
8
8
8
8
8
8
8
8
8
8
8
8
8
8
8
8
8
6
2
0
0
0
0
0
0
0
0
0
0
0
0
0
0
0
0
0
0
0
0
0
0
0
0
0
0
0
0
0
0
0
0
0
0
0
0
0
0
0
0
0
0
0
0
0
0
0
0
0
0
2
8
20
6c
124
256
376
390
26e
108
40
1c
98
13a
138
94
1c
0
0
0
0
0
0
0
0
0
0
0
0
0
0
0
0
0
0
24
a0
13c
136
90
18
4a
120
288
398
36a
244
11a
6a
20
8
2
0
0
0
0
0
0
0
0
0
0
0
0
0
0
0
0
0
0
0
0
0
0
0
0
0
0
0
0
0
0
0
0
0
0
0
0
0
0
0
0
0
0
0
0
0
0
0
0
0
0
0
0
0
0
0
0
0
0
0
0
0
0
0
0
0
0
0
0
0
0
0
0
0
0
0
0
2
12
58
122
27a
38e
34a
1e0
9c
1a
9c
140
146
a8
32
18
18
18
18
18
18
18
18
18
18
18
18
18
18
18
18
18
18
38
b2
14c
13e
94
14
b0
1fc
358
384
264
114
56
12
2
0
0
0
0
0
0
0
0
0
0
0
0
0
0
0
0
0
0
0
0
0
0
0
0
0
0
0
0
0
0
0
0
0
0
0
0
0
0
0
0
0
0
0
0
0
0
0
0
0
0
0
0
0
0
0
0
0
0
0
0
0
0
0
0
0
0
0
0
0
0
0
0
0
0
0
0
0
0
0
2
12
6c
16a
2dc
38e
2a8
122
20
9e
15a
186
108
a2
8a
88
88
88
88
88
88
88
88
88
88
88
88
88
88
88
88
8a
a4
10c
18a
15a
98
30
13e
2c4
38e
2c4
152
62
12
2
0
0
0
0
0
0
0
0
0
0
0
0
0
0
0
0
0
0
0
0
0
0
0
0
0
0
0
0
0
0
0
0
0
0
0
0
0
0
0
0
0
0
0
0
0
0
0
0
0
0
0
0
0
0
0
0
0
0
0
0
0
0
0
0
0
0
0
0
0
0
0
0
0
0
0
0
0
0
0
0
0
2
20
ae
1fa
346
322
1b4
5e
96
16c
1d4
19a
152
13a
138
138
138
138
138
138
138
138
138
138
138
138
138
138
138
138
13c
154
19c
1d4
168
8e
70
1d2
336
336
1de
a0
1c
2
0
0
0
0
0
0
0
0
0
0
0
0
0
0
0
0
0
0
0
0
0
0
0
0
0
0
0
0
0
0
0
0
0
0
0
0
0
0
0
0
0
0
0
0
0
0
0
0
0
0
0
0
0
0
0
0
0
0
0
0
0
0
0
0
0
0
0
0
0
0
0
0
0
0
0
0
0
0
0
0
0
0
0
8
4c
142
2ba
342
22a
a4
8a
19e
210
1a4
17a
160
15a
158
158
158
158
158
158
158
158
158
158
158
158
158
158
15a
162
17a
1a4
212
198
80
ba
24a
34c
2a2
12a
44
6
0
0
0
0
0
0
0
0
0
0
0
0
0
0
0
0
0
0
0
0
0
0
0
0
0
0
0
0
0
0
0
0
0
0
0
0
0
0
0
0
0
0
0
0
0
0
0
0
0
0
0
0
0
0
0
0
0
0
0
0
0
0
0
0
0
0
0
0
0
0
0
0
0
0
0
0
0
0
0
0
0
0
0
0
2
24
ce
22c
320
26c
e0
5e
192
2ae
2ca
1b8
d8
c6
c0
c0
c0
c0
c0
c0
c0
c0
c0
c0
c0
c0
c0
c0
c6
d8
1c6
2d0
2ac
188
50
fc
28e
324
212
b6
1a
0
0
0
0
0
0
0
0
0
0
0
0
0
0
0
0
0
0
0
0
0
0
0
0
0
0
0
0
0
0
0
0
0
0
0
0
0
0
0
0
0
0
0
0
0
0
0
0
0
0
0
0
0
0
0
0
0
0
0
0
0
0
0
0
0
0
0
0
0
0
0
0
0
0
0
0
0
0
0
0
0
0
0
0
0
0
12
8a
1c0
2ea
286
10c
1c
106
252
360
340
210
c8
38
36
34
34
34
34
34
34
34
34
34
34
36
3a
d6
222
348
35a
248
fa
22
12a
2a4
2e6
1a2
74
c
0
0
0
0
0
0
0
0
0
0
0
0
0
0
0
0
0
0
0
0
0
0
0
0
0
0
0
0
0
0
0
0
0
0
0
0
0
0
0
0
0
0
0
0
0
0
0
0
0
0
0
0
0
0
0
0
0
0
0
0
0
0
0
0
0
0
0
0
0
0
0
0
0
0
0
0
0
0
0
0
0
0
0
0
0
0
a
64
17c
2be
28a
122
30
6e
15a
2b6
3a2
350
20a
d4
34
4
4
4
4
4
4
4
4
4
4
38
e0
21c
35c
39c
2a4
14c
62
38
140
2a4
2b2
15c
52
6
0
0
0
0
0
0
0
0
0
0
0
0
0
0
0
0
0
0
0
0
0
0
0
0
0
0
0
0
0
0
0
0
0
0
0
0
0
0
0
0
0
0
0
0
0
0
0
0
0
0
0
0
0
0
0
0
0
0
0
0
0
0
0
0
0
0
0
0
0
0
0
0
0
0
0
0
0
0
0
0
0
0
0
0
0
0
6
50
156
2a0
284
128
36
1c
8a
18e
2ea
3ae
32a
1da
b8
2a
4
0
0
0
0
0
0
6
30
c2
1ec
33a
3ac
2d8
17c
82
16
44
146
29a
290
13a
42
2
0
0
0
0
0
0
0
0
0
0
0
0
0
0
0
0
0
0
0
0
0
0
0
0
0
0
0
0
0
0
0
0
0
0
0
0
0
0
0
0
0
0
0
0
0
0
0
0
0
0
0
0
0
0
0
0
0
0
0
0
0
0
0
0
0
0
0
0
0
0
0
0
0
0
0
0
0
0
0
0
0
0
0
0
0
0
4
48
146
292
282
12a
38
4
26
a8
1c2
318
3ae
2fc
1a4
96
20
4
0
0
0
0
4
26
a2
1b6
30e
3ae
306
1ae
9e
24
4
48
146
290
280
12c
3a
0
0
0
0
0
0
0
0
0
0
0
0
0
0
0
0
0
0
0
0
0
0
0
0
0
0
0
0
0
0
0
0
0
0
0
0
0
0
0
0
0
0
0
0
0
0
0
0
0
0
0
0
0
0
0
0
0
0
0
0
0
0
0
0
0
0
0
0
0
0
0
0
0
0
0
0
0
0
0
0
0
0
0
0
0
0
0
4
48
144
28e
282
12e
3a
0
6
32
ca
1fa
346
3aa
2cc
170
7c
1a
2
0
0
2
1c
88
182
2de
3ae
334
1e6
c0
30
6
4
48
146
290
27e
128
38
0
0
0
0
0
0
0
0
0
0
0
0
0
0
0
0
0
0
0
0
0
0
0
0
0
0
0
0
0
0
0
0
0
0
0
0
0
0
0
0
0
0
0
0
0
0
0
0
0
0
0
0
0
0
0
0
0
0
0
0
0
0
0
0
0
0
0
0
0
0
0
0
0
0
0
0
0
0
0
0
0
0
0
0
0
0
0
4
46
144
292
286
134
40
2
0
8
3e
ec
230
36c
39e
29a
142
64
12
2
2
14
6e
156
2ac
3a2
35e
21a
e0
3c
8
0
4
4a
14e
298
280
128
38
0
0
0
0
0
0
0
0
0
0
0
0
0
0
0
0
0
0
0
0
0
0
0
0
0
0
0
0
0
0
0
0
0
0
0
0
0
0
0
0
0
0
0
0
0
0
0
0
0
0
0
0
0
0
0
0
0
0
0
0
0
0
0
0
0
0
0
0
0
0
0
0
0
0
0
0
0
0
0
0
0
0
0
0
0
0
0
4
44
144
29e
29a
142
46
4
0
0
c
4e
114
264
384
386
268
11a
54
10
12
5a
128
27a
38e
37a
250
104
48
c
0
0
6
56
166
2aa
284
126
36
0
0
0
0
0
0
0
0
0
0
0
0
0
0
0
0
0
0
0
0
0
0
0
0
0
0
0
0
0
0
0
0
0
0
0
0
0
0
0
0
0
0
0
0
0
0
0
0
0
0
0
0
0
0
0
0
0
0
0
0
0
0
0
0
0
0
0
0
0
0
0
0
0
0
0
0
0
0
0
0
0
0
0
0
0
0
0
2
3e
13a
2a2
2be
16a
56
6
0
0
2
12
64
140
296
39a
36c
242
112
6e
72
11a
24e
376
394
284
130
5c
10
2
0
0
a
6c
190
2c8
284
11c
32
0
0
0
0
0
0
0
0
0
0
0
0
0
0
0
0
0
0
0
0
0
0
0
0
0
0
0
0
0
0
0
0
0
0
0
0
0
0
0
0
0
0
0
0
0
0
0
0
0
0
0
0
0
0
0
0
0
0
0
0
0
0
0
0
0
0
0
0
0
0
0
0
0
0
0
0
0
0
0
0
0
0
0
0
0
0
0
0
34
124
29a
2ee
1b4
7e
e
0
0
0
2
1a
7c
170
2c8
3a4
360
260
17e
184
268
368
3a4
2b8
15e
72
16
2
0
0
0
12
92
1d2
2ee
278
10a
2e
0
0
0
0
0
0
0
0
0
0
0
0
0
0
0
0
0
0
0
0
0
0
0
0
0
0
0
0
0
0
0
0
0
0
0
0
0
0
0
0
0
0
0
0
0
0
0
0
0
0
0
0
0
0
0
0
0
0
0
0
0
0
0
0
0
0
0
0
0
0
0
0
0
0
0
0
0
0
0
0
0
0
0
0
0
0
0
0
2a
100
27c
31e
216
ba
1c
0
0
0
0
4
20
94
194
2d2
388
35e
2c0
2c4
360
386
2c6
184
8a
1c
2
0
0
0
0
22
d2
234
31a
25a
ea
26
0
0
0
0
0
0
0
0
0
0
0
0
0
0
0
0
0
0
0
0
0
0
0
0
0
0
0
0
0
0
0
0
0
0
0
0
0
0
0
0
0
0
0
0
0
0
0
0
0
0
0
0
0
0
0
0
0
0
0
0
0
0
0
0
0
0
0
0
0
0
0
0
0
0
0
0
0
0
0
0
0
0
0
0
0
0
0
0
1e
ca
238
33c
290
116
3a
4
0
0
0
0
4
28
9e
178
25a
2ca
2aa
2aa
2ca
256
16e
98
26
4
0
0
0
0
4
44
132
2a8
332
21a
b8
1a
0
0
0
0
0
0
0
0
0
0
0
0
0
0
0
0
0
0
0
0
0
0
0
0
0
0
0
0
0
0
0
0
0
0
0
0
0
0
0
0
0
0
0
0
0
0
0
0
0
0
0
0
0
0
0
0
0
0
0
0
0
0
0
0
0
0
0
0
0
0
0
0
0
0
0
0
0
0
0
0
0
0
0
0
0
0
0
0
12
8c
1d0
32c
312
1a6
7a
10
0
0
0
0
0
6
26
76
e6
140
154
154
142
e4
72
26
6
0
0
0
0
0
12
8a
1c4
320
318
1b0
7a
e
0
0
0
0
0
0
0
0
0
0
0
0
0
0
0
0
0
0
0
0
0
0
0
0
0
0
0
0
0
0
0
0
0
0
0
0
0
0
0
0
0
0
0
0
0
0
0
0
0
0
0
0
0
0
0
0
0
0
0
0
0
0
0
0
0
0
0
0
0
0
0
0
0
0
0
0
0
0
0
0
0
0
0
0
0
0
0
0
8
50
150
2d6
36c
262
f4
34
4
0
0
0
0
0
4
12
2c
46
50
50
46
2a
10
4
0
0
0
0
0
6
3c
10a
280
372
2bc
134
44
6
0
0
0
0
0
0
0
0
0
0
0
0
0
0
0
0
0
0
0
0
0
0
0
0
0
0
0
0
0
0
0
0
0
0
0
0
0
0
0
0
0
0
0
0
0
0
0
0
0
0
0
0
0
0
0
0
0
0
0
0
0
0
0
0
0
0
0
0
0
0
0
0
0
0
0
0
0
0
0
0
0
0
0
0
0
0
0
0
2
24
d2
23e
36e
31e
1b6
90
1a
2
0
0
0
0
0
0
2
4
4
4
4
2
0
0
0
0
0
0
2
1e
9e
1d2
336
364
21e
be
20
2
0
0
0
0
0
0
0
0
0
0
0
0
0
0
0
0
0
0
0
0
0
0
0
0
0
0
0
0
0
0
0
0
0
0
0
0
0
0
0
0
0
0
0
0
0
0
0
0
0
0
0
0
0
0
0
0
0
0
0
0
0
0
0
0
0
0
0
0
0
0
0
0
0
0
0
0
0
0
0
0
0
0
0
0
0
0
0
0
0
c
6c
180
2fc
394
2ac
144
60
12
2
0
0
0
0
0
0
0
0
0
0
0
0
0
0
0
0
2
14
6c
15c
2c8
39a
2e2
162
5e
a
0
0
0
0
0
0
0
0
0
0
0
0
0
0
0
0
0
0
0
0
0
0
0
0
0
0
0
0
0
0
0
0
0
0
0
0
0
0
0
0
0
0
0
0
0
0
0
0
0
0
0
0
0
0
0
0
0
0
0
0
0
0
0
0
0
0
0
0
0
0
0
0
0
0
0
0
0
0
0
0
0
0
0
0
0
0
0
0
0
0
2
2a
ce
224
36e
37e
258
10e
52
10
2
0
0
0
0
0
0
0
0
0
0
0
0
0
0
2
12
5a
122
272
38c
35e
204
ba
24
2
0
0
0
0
0
0
0
0
0
0
0
0
0
0
0
0
0
0
0
0
0
0
0
0
0
0
0
0
0
0
0
0
0
0
0
0
0
0
0
0
0
0
0
0
0
0
0
0
0
0
0
0
0
0
0
0
0
0
0
0
0
0
0
0
0
0
0
0
0
0
0
0
0
0
0
0
0
0
0
0
0
0
0
0
0
0
0
0
0
0
0
c
54
132
298
39c
364
23a
10c
5c
18
4
0
0
0
0
0
0
0
0
0
0
0
0
4
1a
64
11c
250
372
394
27c
118
4a
a
0
0
0
0
0
0
0
0
0
0
0
0
0
0
0
0
0
0
0
0
0
0
0
0
0
0
0
0
0
0
0
0
0
0
0
0
0
0
0
0
0
0
0
0
0
0
0
0
0
0
0
0
0
0
0
0
0
0
0
0
0
0
0
0
0
0
0
0
0
0
0
0
0
0
0
0
0
0
0
0
0
0
0
0
0
0
0
0
0
0
0
0
2
18
80
17c
2d2
3a8
362
254
13c
86
2e
c
2
0
0
0
0
0
0
0
0
2
e
32
8e
14c
268
372
3a4
2bc
164
72
16
2
0
0
0
0
0
0
0
0
0
0
0
0
0
0
0
0
0
0
0
0
0
0
0
0
0
0
0
0
0
0
0
0
0
0
0
0
0
0
0
0
0
0
0
0
0
0
0
0
0
0
0
0
0
0
0
0
0
0
0
0
0
0
0
0
0
0
0
0
0
0
0
0
0
0
0
0
0
0
0
0
0
0
0
0
0
0
0
0
0
0
0
0
0
4
26
9c
198
2d6
39e
37a
2a2
1a6
e4
6e
32
18
a
2
0
0
2
a
18
34
74
ee
1b6
2b6
384
398
2c2
184
90
20
4
0
0
0
0
0
0
0
0
0
0
0
0
0
0
0
0
0
0
0
0
0
0
0
0
0
0
0
0
0
0
0
0
0
0
0
0
0
0
0
0
0
0
0
0
0
0
0
0
0
0
0
0
0
0
0
0
0
0
0
0
0
0
0
0
0
0
0
0
0
0
0
0
0
0
0
0
0
0
0
0
0
0
0
0
0
0
0
0
0
0
0
0
0
0
0
6
2a
9e
182
2a2
374
394
314
24e
190
102
a8
6c
46
36
38
48
6e
ac
10a
19a
25a
322
39a
36a
28e
170
92
24
4
0
0
0
0
0
0
0
0
0
0
0
0
0
0
0
0
0
0
0
0
0
0
0
0
0
0
0
0
0
0
0
0
0
0
0
0
0
0
0
0
0
0
0
0
0
0
0
0
0
0
0
0
0
0
0
0
0
0
0
0
0
0
0
0
0
0
0
0
0
0
0
0
0
0
0
0
0
0
0
0
0
0
0
0
0
0
0
0
0
0
0
0
0
0
0
0
0
6
26
84
13e
234
30e
37a
36a
300
278
1fc
196
14c
120
126
14e
198
202
280
306
36c
378
300
220
12e
7c
22
4
0
0
0
0
0
0
0
0
0
0
0
0
0
0
0
0
0
0
0
0
0
0
0
0
0
0
0
0
0
0
0
0
0
0
0
0
0
0
0
0
0
0
0
0
0
0
0
0
0
0
0
0
0
0
0
0
0
0
0
0
0
0
0
0
0
0
0
0
0
0
0
0
0
0
0
0
0
0
0
0
0
0
0
0
0
0
0
0
0
0
0
0
0
0
0
0
0
0
0
4
1a
5a
da
192
254
2ee
33a
340
31e
2e8
2b0
27c
282
2ae
2e8
320
342
336
2e6
24c
184
ce
54
18
4
0
0
0
0
0
0
0
0
0
0
0
0
0
0
0
0
0
0
0
0
0
0
0
0
0
0
0
0
0
0
0
0
0
0
0
0
0
0
0
0
0
0
0
0
0
0
0
0
0
0
0
0
0
0
0
0
0
0
0
0
0
0
0
0
0
0
0
0
0
0
0
0
0
0
0
0
0
0
0
0
0
0
0
0
0
0
0
0
0
0
0
0
0
0
0
0
0
0
0
0
0
2
c
2e
74
e0
16a
1f2
258
298
2b8
2bc
2a2
2a4
2b8
2b8
298
256
1ea
164
dc
6e
2c
c
2
0
0
0
0
0
0
0
0
0
0
0
0
0
0
0
0
0
0
0
0
0
0
0
0
0
0
0
0
0
0
0
0
0
0
0
0
0
0
0
0
0
0
0
0
0
0
0
0
0
0
0
0
0
0
0
0
0
0
0
0
0
0
0
0
0
0
0
0
0
0
0
0
0
0
0
0
0
0
0
0
0
0
0
0
0
0
0
0
0
0
0
0
0
0
0
0
0
0
0
0
0
0
0
0
4
10
2a
5a
9e
e2
118
144
160
15e
15e
15e
144
116
de
9a
58
28
e
4
0
0
0
0
0
0
0
0
0
0
0
0
0
0
0
0
0
0
0
0
0
0
0
0
0
0
0
0
0
0
0
0
0
0
0
0
0
0
0
0
0
0
0
0
0
0
0
0
0
0
0
0
0
0
0
0
0
0
0
0
0
0
0
0
0
0
0
0
0
0
0
0
0
0
0
0
0
0
0
0
0
0
0
0
0
0
0
0
0
0
0
0
0
0
0
0
0
0
0
0
0
0
0
0
0
0
0
0
2
8
14
24
32
42
52
56
56
52
42
30
22
14
8
2
0
0
0
0
0
0
0
0
0
0
0
0
0
0
0
0
0
0
0
0
0
0
0
0
0
0
0
0
0
0
0
0
0
0
0
0
0
0
0
0
0
0
0
0
0
0
0
0
0
0
0
0
0
0
0
0
0
0
0
0
0
0
0
0
0
0
0
0
0
0
0
0
0
0
0
0
0
0
0
0
0
0
0
0
0
0
0
0
0
0
0
0
0
0
0
0
0
0
0
0
0
0
0
0
0
0
0
0
0
0
0
0
0
0
0
2
6
8
8
6
2
0
0
0
0
0
0
0
0
0
0
0
0
0
0
0
0
0
0
0
0
0
0
0
0
0
0
0
0
0
0
0
0
0
0
0
0
0
0
0
0
0
0
0
0
0
0
0
0
0
0
0
0
0
0
0
0
0
0
0
0
0
0
0
0
0
0
0
0
0
0
0
0
0
0
0
0
0
0
0
0
0
0
0
0
0
0
0
0
0
0
0
0
0
0
0
0
0
0
0
0
0
0
0
0
0
0
0
0
0
0
0
0
0
0
0
0
0
0
0
0
0
0
0
0
0
0
0
0
0
0
0
0
0
0
0
0
0
0
0
0
0
0
0
0
0
0
0
0
0
0
0
0
0
0
0
0
0
0
0
0
0
0
0
0
0
0
0
0
0
0
0
0
0
0
0
0
0
0
0
0
0
0
0
0
0
0
0
0
0
0
0
0
0
0
0
0
0
0
0
0
0
0
0
0
0
0
0
0
0
0
0
0
0
0
0
0
0
0
0
0
0
0
0
0
0
0
0
0
0
0
0
0
0
0
0
0
0
0
0
0
0
0
0
0
0
0
0
0
0
0
0
0
0
0
0
0
0
0
0
0
0
0
0
0
0
0
0
0
0
0
0
0
0
0
0
0
0
0
0
0
0
0
0
0
0
0
0
0
0
0
0
0
0
0
0
0
0
0
0
0
0
0
0
0
0
0
0
0
0
0
0
0
0
0
0
0
0
0
0
0
0
0
0
0
0
0
0
0
0
0
0
0
0
0
0
0
0
0
0
0
0
0
0
0
0
0
0
0
0
0
0
0
0
0
0
0
0
0
0
0
0
0
0
0
0
0
0
0
0
0
0
0
0
0
0
0
0
0
0
0
0
0
0
0
0
0
0
0
0
0
0
0
0
0
0
0
0
0
0
0
0
0
0
0
0
0
0
0
0
0
0
0
0
0
0
0
0
0
0
0
0
0
0
0
0
0
0
0
0
0
0
0
0
0
0
0
0
0
